ADHD_status	1	2	1	1	2	1	1	2	2	1	1	1	2	1	1	2	2	1	1	2	1	1	2	2	2	2	1	1	1	2	1	1	1	2	2	2	1	1	1	1	2	1	2	2	2	2	1	2	2	1	1	1	2	2	1	2	1	2	1
subject_id	424	158	556	217	181	605	596	260	281	149	570	479	539	247	148	327	288	118	296	292	507	170	592	612	353	429	188	459	280	515	222	273	534	454	313	198	519	622	140	314	252	516	443	226	383	138	243	455	187	497	499	500	609	258	566	389	482	400	574
Unassigned|Other|Other|Other|Other|Other|Other	0	0	0	0	0	0	0	0	0	0	0	0	0	0	0	0	0	0	0	0	0	0	0	0	0	0	0	0	0	0	0	0.000155096	0	0	0	0	0	0	0	0	0	0	0	0.000242197	0	0	0	0	0	0	0.000406559	0	0	0	0	0	0	0	0
Archaea|Euryarchaeota|Methanobacteria|Methanobacteriales|Methanobacteriaceae|Methanobrevibacter|	0	0	0	0	0.003045299	0.003532896	0	0.000587877	0	0.000152726	0.005405158	0	0	0	0	0.00177482	0.001559991	0	0	0.00281591	0	0	0.004357069	0	0	0	0	0	0	0.013070107	0	0	0	0	0	0	0.000119841	0	0	0	0	0	0	0	0	0	0	0	0	0	0	0	0	0	0	0	0	0	0
Archaea|Euryarchaeota|Methanobacteria|Methanobacteriales|Methanobacteriaceae|Methanosphaera|	0	0	0	0	0	0	0	0	0	0	0	0	0	0	0	0.000591607	0	0	0	0	0	0	0	0	0	0	0	0	0	0.001641656	0	0	0	0	0	0	0	0	0	0	0	0	0	0	0	0	0	0	0	0	0	0	0	0	0	0	0	0	0
Archaea|Euryarchaeota|Thermoplasmata|E2|[Methanomassiliicoccaceae]|vadinCA11|	0	0	0	0	0	0	0	0	0	0	0	0	0	0	0	0.00040673	0	0	0	0	0	0	0	0	0	0	0	0	0	0	0	0	0	0	0	0	0	0	0	0	0	0	0	0	0	0	0	0	0	0	0	0	0	0	0	0	0	0	0
Bacteria|Acidobacteria|Acidobacteria-6|iii1-15|||	0	0	0	0	0	0	0	0	0	0	0	0	0	0	0	0	0	0	0	0	0	0	0	0	0	0	0	0	0.000183939	0	0	0	0	0	0	0	0	0	0	0	0	0	0	0	0	0	0	0	0	0	0	0	0	0	0	0	0	0	0
Bacteria|Actinobacteria|Actinobacteria|Actinomycetales|Actinomycetaceae|Actinomyces|	0	0.000104508	0	0	0	0.000359636	0	0	0	0	0	0	0	0	0	0.000110926	0	0	0	0	0	0.000229535	0	0	0	0.000149373	0	0	0	0.000126281	0	0.000341212	0	0	0	0	0	0	0	0	0	0	0	0	0	0	0.000112347	0	0	0	0	0	0	0	0	0	0	0	0
Bacteria|Actinobacteria|Actinobacteria|Actinomycetales|Actinomycetaceae|Mobiluncus|	0	0	0	0	0	0	0	0	0	0	0	0	0	0	0	0	0	0	0	0	0	0	0	0	0	0	0	0	0	0	0	0	0	0	0	0	0	0	0	0	0	0	0	0	0	0	0	0	0	0	0	0	0	0.000126398	0	0	0	0	0
Bacteria|Actinobacteria|Actinobacteria|Actinomycetales|Cellulomonadaceae|Actinotalea|	0	0	0	0	0	0	0	0	0	0	0	0	0	0	0	0	0	0	0	0	0	0	0	0	0	0	0	0	0.000105108	0	0	0	0	0	0	0	0	0	0	0	0	0	0	0	0	0	0	0	0	0	0	0	0	0	0	0	0	0	0
Bacteria|Actinobacteria|Actinobacteria|Actinomycetales|Corynebacteriaceae|Corynebacterium|	0	0	0	0	0	0	0	0	0	0	0	0	0	0	0.000255256	0	0	0.000722725	0	0	0	0	0	0	0	0	0	0	0	0	0	0	0	0	0	0	0	0	0	0	0	0	0	0	0	0	0	0	0	0	0	0	0	0	0	0	0	0	0
Bacteria|Actinobacteria|Actinobacteria|Actinomycetales|Dermabacteraceae|Brachybacterium|Other	0	0	0	0	0	0	0	0	0	0	0	0	0	0	0	0	0	0	0	0	0	0	0	0	0	0	0	0	0.000157662	0	0	0	0	0	0	0	0	0	0	0	0	0	0	0	0	0	0	0	0	0	0	0	0	0	0	0	0	0	0
Bacteria|Actinobacteria|Actinobacteria|Actinomycetales|Micrococcaceae|Microbispora|rosea	0	0	0	0	0	0	0	0.000104978	0	0	0	0	0	0	0	0	0	0	0	0	0	0	0	0	0	0	0	0	0	0	0	0	0	0	0	0	0	0	0	0	0	0	0	0	0	0	0	0	0	0	0	0	0	0	0	0	0	0	0
Bacteria|Actinobacteria|Actinobacteria|Actinomycetales|Micrococcaceae|Micrococcus|	0	0	0	0	0	0	0	0	0	0	0	0	0	0	0	0	0	0	0	0	0.000126863	0	0	0	0	0	0	0	0	0	0	0	0	0	0	0	0	0	0	0	0	0	0	0	0	0	0	0	0	0	0	0	0	0	0	0	0	0	0
Bacteria|Actinobacteria|Actinobacteria|Actinomycetales|Micrococcaceae|Rothia|mucilaginosa	0	0	0	0	0	0	0	0	0	0	0	0	0	0	0	0	0	0	0	0	0	0	0	0	0	0	0	0	0	0	0	0.000186116	0	0	0	0	0	0	0	0	0	0	0	0	0	0	0	0	0	0	0	0	0	0	0	0	0	0	0
Bacteria|Actinobacteria|Actinobacteria|Actinomycetales|Mycobacteriaceae|Mycobacterium|	0	0	0	0	0	0	0	0	0	0	0	0	0	0	0	0	0	0	0	0.000219993	0	0	0	0	0	0	0	0	0.000105108	0	0	0	0	0	0	0	0	0	0	0	0	0	0	0	0	0	0	0	0	0	0	0	0	0	0	0	0	0	0
Bacteria|Actinobacteria|Actinobacteria|Actinomycetales|Propionibacteriaceae|Propionibacterium|acnes	0	0	0	0	0	0	0	0.000272943	0	0	0	0	0	0	0	0	0	0	0	0	0	0	0	0	0	0	0	0	0.000788312	0	0	0	0	0	0	0	0	0	0	0	0	0	0	0	0	0	0	0	0	0	0	0	0	0	0	0	0	0	0
Bacteria|Actinobacteria|Actinobacteria|Bifidobacteriales|Bifidobacteriaceae|Bifidobacterium|Other	0	0	0	0.000126217	0.00121812	0.00308864	0	0.000650864	0.0163561	0.000636359	0.00677935	0.000357398	0.004817282	0.000543603	0.010163828	0.000998336	0.001147052	0	0.000426576	0	0.002664129	0	0.003346734	0	0	0.045210118	0.012783214	0.000221053	0.005833509	0.004230421	0.010463565	0	0.000234999	0	0	0.000850742	0.000647141	0	0.000181628	0	0.001977981	0.000183226	0.001543356	0	0.036634869	0	0	0	0	0.0076747	0.0001694	0.001320818	0	0.005656323	0.000221068	0.001800137	0.000103861	0.009820134	0
Bacteria|Actinobacteria|Actinobacteria|Bifidobacteriales|Bifidobacteriaceae|Bifidobacterium|	0	0	0	0.012537602	0.015797488	0.009858261	0	0.000818829	0.01885806	0.006083592	0.001236773	0.012671389	0.004177487	0.01714441	0.00259897	0	0.004955265	0	0	0	0.000285442	0	0.006588225	0.00027222	0	0.003335989	0.027946751	0	0.000578095	0.000189422	0.000937969	0	0.001201107	0	0	0	0	0.000864992	0.003814194	0	0.000522486	0	0.000188982	0	0.007814086	0	0	0	0	0.000740541	0.006132267	0.002613534	0	0.004771535	0	0.00011843	0.000103861	0.001195716	0
Bacteria|Actinobacteria|Actinobacteria|Bifidobacteriales|Bifidobacteriaceae|Bifidobacterium|adolescentis	0	0.012164789	0.024778643	0.01232724	0.190026646	0.035752063	0	0.095760986	0.000261399	0.020134399	0.097476066	0.00045487	0.001505401	0.025235736	0.00949088	0.002995008	0.027253957	0	0.010851018	0	0.023850301	0	0.107453325	0.001823874	0	0.002116112	0.00030856	0	0.018998318	0.010376108	0.053276638	0.000527328	0.039662646	0	0	0	0.012990748	0.002906373	0.006402397	0	0.002500467	0.004305804	0.006866358	0.030153492	0.001370002	0	0	0.003833826	0	0.000134644	0.005488549	0.004271583	0	0	0	0	0.020979929	0.007174295	0.00714479
Bacteria|Actinobacteria|Actinobacteria|Bifidobacteriales|Bifidobacteriaceae|Bifidobacterium|longum	0.0252443	0.019877516	0.018578406	0.003660307	0.018880853	0.011339116	0.050319306	0.002141552	0.006983084	0.012472637	0.027804498	0.001007213	0	0.04875703	0.015477793	0.00040673	0.043909153	0.042200855	0	0.001451954	0.008372978	0.023600359	0.017596666	0.001034436	0	0.115365465	0.040333245	0.002763164	0.012691823	0.005472187	0.011026347	0	0.008433861	0.012588054	0	0.000535652	0.002061263	0.000103799	0.00590292	0	0.009255458	0.000503871	0.000503953	0.01147407	0.012634463	0	0.012751376	0.006787757	0	0.006664871	0.005285269	0.000646358	0	0.004676736	0.003500239	0.000734267	0	0.003841555	0.001082544
Bacteria|Actinobacteria|Coriobacteriia|Coriobacteriales|Coriobacteriaceae||	0.000364307	0.000209017	0.00022303	0.046658392	0.002283974	0.002898244	0	0.00119675	0.000112028	0.002443619	0.009802574	0	0.000112905	0	0.000208846	0.006692549	0.001514109	0	0	0.000219993	0	0	0.000399924	0.001034436	0	0.000746863	0.00026448	0	0.000289048	0.010523436	0.002251126	0.001271791	0.000626665	0.000125047	0	0	0.001270313	0	0.000544885	0	0.000223922	0.000183226	0.000755929	0.000514668	0.000253704	0.00013552	0	0	0	0	0.003862312	0.002669739	0	0.000221197	0	0.000142116	0.002830213	0.001653649	0.001461434
Bacteria|Actinobacteria|Coriobacteriia|Coriobacteriales|Coriobacteriaceae|Adlercreutzia|	0.000171438	0.000334427	0.000691393	0.000189326	0.00060906	0.000169241	0	0.000230952	0.000186713	0.000127272	0.000916128	0.000162454	0.000564525	0	0.000696153	0	0	0	0.000319932	0.000747976	0.000412306	0	0	0.000653328	0.000872558	0	0	0	0	0.001368047	0.000396031	0.004218624	0.000600554	0.000125047	0	0	0.000383491	0.000207598	0	0	0.001082291	0	0	0.000666041	0	0.000406559	0	0.000565646	0	0.000471254	0.001626237	0.000365333	0.00099383	0.000379195	0.000515825	0.00023686	0.000129826	0.003790673	0
Bacteria|Actinobacteria|Coriobacteriia|Coriobacteriales|Coriobacteriaceae|Collinsella|	0.001242928	0	0	2.10E-05	0	0	0	0	0	0	4.58E-05	0	0	0	0	0	0	0	0	0	0	0	0	0	0	0	0	0	0	0	0	0	0	0	0	0	0	0	0	0	0	0	0	0	0	0	0	0	0	0	0	0	0	0	0	0	0	0	0
Bacteria|Actinobacteria|Coriobacteriia|Coriobacteriales|Coriobacteriaceae|Collinsella|aerofaciens	0.016308075	0.006186903	0	0.005385279	0.037076513	0.030717157	0	0.022801235	0.02356324	0.015654432	0.080710916	0.018487231	0	0	0	0.009317804	0.017435192	0	0.031166684	0.006951778	0.005137964	0	0.017449325	0.003538859	0	0	0.028916512	0.000221053	0.007751734	0.031759729	0.006148908	0.00089956	0.009869967	0	0.001537656	0	0.012223767	0.004463359	0.004767743	0	0.004366486	0.009665155	0.002236291	0.010929127	0.005682971	0	0	0.002325435	0	0	0.008944301	0.003850045	0	0	0	0.002866008	0.011684366	0.0234055	0.006332882
Bacteria|Actinobacteria|Coriobacteriia|Coriobacteriales|Coriobacteriaceae|Collinsella|stercoris	0	0	0.003144724	0	0	0	0	0.000398917	0.001419022	0	0	0	0	0	0	0.000554631	0	0	0	0	0	0	0	0	0	0	0	0.007714753	0	0	0	0	0	0	0	0	0	0	0	0	0	0	0	0	0	0	0.004269183	0	0	0	0	0	0	0.001895974	0.000257912	0	0.000129826	0	0
Bacteria|Actinobacteria|Coriobacteriia|Coriobacteriales|Coriobacteriaceae|Eggerthella|Other	0	0	0	0	0	0	0	0	0	0	0	0	0	0	0	0	0	0	0	0	0	0	0	0	0	0	0	0	0	0.000357797	0	0	0	0	0	0	0	0	0	0	0	0	0	0	0	0	0	0	0	0	0	0	0	0	0	0	0	0	0
Bacteria|Actinobacteria|Coriobacteriia|Coriobacteriales|Coriobacteriaceae|Eggerthella|lenta	0.000364307	0.000501641	0.00066909	0	0.000152265	0	0.001726541	0	0.001605736	0	0	0.000942231	0.000112905	0.00096176	0.000348076	0	0.000137646	0.001916792	0.000293271	0	0	0.000438203	0	0.00013611	0.001211886	0.004207329	0.00026448	0.002608427	0.000262771	0.000947109	0	0	0	0.000250094	0	0	0	0	0	0.000317599	0.000149282	0	0	0	0.000253704	0.00501423	0	0.000188549	0.00035325	0.000269288	0.00013552	0	0.00099383	0.000315996	0	0.000284232	0.000155792	0	0
Bacteria|Actinobacteria|Coriobacteriia|Coriobacteriales|Coriobacteriaceae|Slackia|	0	0	0	0.003702379	0.000418729	0.000846203	0	0.000839824	0	0.000356361	0.002015483	0	0	0	0	0.000591607	0	0	0	0	0.000666032	0	0.000589362	0	0	0	0	0	0.000578095	0.004062046	0	0	0	0	0	0	0	0	0.000635699	0	0	0.000320645	0.000314971	0	0	0	0	0	0	0	0	0	0	0	0	0	0	0.002060702	0.001136671
Bacteria|Bacteroidetes|Bacteroidia|Bacteroidales|||	0	0	0	0	0.000114199	0.002221282	0	0	0	0.000305452	0	0	0	0	0	0.010722869	0.012938747	0	0	0	0	0	0	0	0	0	0	0	0	0	0.004127064	0	0	0	0	0	0.000934759	0	0	0	0	0	0	0	0	0	0	0	0	0	0	0	0	0	0	0	0	0	0
Bacteria|Bacteroidetes|Bacteroidia|Bacteroidales|Bacteroidaceae|Bacteroides|Other	0	0	0	0	0	0	0	0	0	0	0	0	0	0	0	0	0	0	0	0	0	0	0	0.00040833	0	0	0	0	0	0	0	0	0	0	0	0	0	0	0	0	0	0	0	0	0	0	0	0	0	0	0	0	0	0	0	0	0	0	0.00105548
Bacteria|Bacteroidetes|Bacteroidia|Bacteroidales|Bacteroidaceae|Bacteroides|	0.063453626	0.05522229	0.145304102	0.004059995	0.020974496	0.035582822	0.041603395	0.017762288	0.084207775	0.0487451	0.010123219	0.030053935	0.059538595	0.080934161	0.064022834	0.000924385	0.023904565	0.078557064	0.049856031	0.022835269	0.130827783	0.109049934	0.030731019	0.161616987	0.072252654	0.075632344	0.05329278	0.139418188	0.027906243	0.071454128	0.019509755	0.387058751	0.049271502	0.227627027	0.064745142	0.398115764	0.148962178	0.076638295	0.041184217	0.269046012	0.143310319	0.068801246	0.00245677	0.096242923	0.387507611	0.255793468	0.291259409	0.0629753	0.299303593	0.26356537	0.026494105	0.05033161	0.044680939	0.282278961	0.376257323	0.229635946	0.042764781	0.055588063	0.339539919
Bacteria|Bacteroidetes|Bacteroidia|Bacteroidales|Bacteroidaceae|Bacteroides|caccae	0	0	0	0	0	0	0	0	0	0	0.000183226	0	0	0	0	0	0	0	0	0	0	0	0	0	0	0	0	0	0	0	0	0	0	0	0	0.000976778	0	0	0	0	0	0	0	0	0	0	0	0.000314248	0	0	0	0	0	0	0	0	0	0	5.41E-05
Bacteria|Bacteroidetes|Bacteroidia|Bacteroidales|Bacteroidaceae|Bacteroides|coprophilus	0	0	0	0	0	0	0	0	0	0	0	0	0	0	0	0	0	0	0	0	0	0	0	0	0	0	0	0	0	0	0	0	0	0	0	0	0	0	0.016346547	0	0	0	0	0	0	0	0	0	0	0	0	0	0	0	0	0	0	0	0
Bacteria|Bacteroidetes|Bacteroidia|Bacteroidales|Bacteroidaceae|Bacteroides|eggerthii	0	0	0	0	0.001027788	0	0	0	0	0	0	0	0	0	0	0	0.007019959	0	0.00082649	0	0.002695845	0	0	0	0	0.036247759	0	0	0	0.013764654	0	0	0	0	0.000294445	0	0.008676478	0	0	0	0	0.000870322	0	0	0	0	0	0	0	0.032920425	0.011451416	0.000786871	0.040001656	0.043670606	0.001252717	0.000213174	0	0	0
Bacteria|Bacteroidetes|Bacteroidia|Bacteroidales|Bacteroidaceae|Bacteroides|fragilis	0	0.000397132	0	0	0	0	0.003369875	0	0	0.000738176	0	0	0.00067743	0	0.000649742	0.000110926	0	0.000628457	0.004559027	0.000175994	0	0	0	0.000326664	0	0	0	0.000442106	0.000814589	0	0.000541938	0.006886283	0	0.003542995	0	0.053029587	0	0.000276797	0	0	0.000709088	0	0	0.001271533	0.001014816	0	0.000224694	0.019546226	0.002674606	0.007270769	0	0.00033723	0.005507474	0.003981546	0.000221068	0.00303181	0	0	0
Bacteria|Bacteroidetes|Bacteroidia|Bacteroidales|Bacteroidaceae|Bacteroides|ovatus	0.010907766	0.011307819	0.001315878	0.001409428	0.00030453	0.00325788	0	0.00172164	0.003696927	0.000534542	0.000137419	0.003281565	0.025478906	0.017165318	0.007680884	0	0	0.097285068	0	0.000483985	0.019410086	0	0.00450441	0.013610998	0.040840564	0	0.012518734	0	0.000604373	0.001136531	0.000416875	0.012097525	0.002532769	0.055812596	0.000948767	0.111478716	0.009755045	0.00214518	0.006992689	0.017706142	0.04146296	0.006321286	0.000188982	0.027459054	0.056170083	0.049600217	0.008088979	0.160455031	0.000857893	0.090076747	0.003184713	0.000730665	0.020911839	0.000189597	0.000184223	0.016224922	0.002986005	0.000686901	0.00165088
Bacteria|Bacteroidetes|Bacteroidia|Bacteroidales|Bacteroidaceae|Bacteroides|plebeius	0	0	0	0	0	0	0	0	0	0	0	0	0	0	0	0	0	0	0	0	0	0	0	0	0	0	0	0	0	0	0	0	0	0	0	0	0	0	0	0	0	0	0	0	0	0	0	0	0	0	0	0	0	0	0	0	0.068470387	0	0
Bacteria|Bacteroidetes|Bacteroidia|Bacteroidales|Bacteroidaceae|Bacteroides|uniformis	0.010414881	0.017912756	0.006222539	0.00134632	0.004415683	0.000761582	0.01114971	0.001931596	0.008850218	0.011989004	0.001374193	0.003866398	0	0.013109202	0.012646772	0.000221852	0.010323469	0.078682755	0.003759198	0.003607885	0.021154456	0	0.009366646	0.002123316	0	0.035550687	0	0.053229586	0.001865672	0.011786248	0.002001001	0.021434332	0.012063293	0.025092743	0.003566054	0.046286669	0.019558027	0.002006782	0.000953549	0.028107507	0.047770106	0.005771609	0.001196888	0.066301353	0.078242338	0.049464697	0.022581732	0	0.147708922	0.033593645	0.007927904	0.004946043	0.006791171	0.02720723	0.041855495	0.019801511	0.013709656	0.010863205	0.040703654
Bacteria|Bacteroidetes|Bacteroidia|Bacteroidales|Porphyromonadaceae|Parabacteroides|	0.001350077	0.001003282	0.002364119	0.001199066	0.001865246	0.002559763	0	0.001301728	0.00623623	0.000661813	0.002885805	0	0	0.00018817	0.000765768	0.00177482	0.00243175	0.009992459	0.004399062	0.000703977	0.00364732	0	0.003851902	0.002967197	0	0	0.00912457	0	0.000236494	0.004293562	0.002918126	0.002047273	0.003916654	0.008669918	0.005790748	0	0.003283639	0.003321569	0.005766698	0.014133153	0.000149282	0.009527736	0.000692935	0.014531803	0.023898924	0.030695216	0.01994158	0.002325435	0.014281389	0.008751851	0	0.000590153	0.005755932	0.007741895	0.015364209	0.007011061	0.006880793	0.002187905	0
Bacteria|Bacteroidetes|Bacteroidia|Bacteroidales|Porphyromonadaceae|Parabacteroides|distasonis	0.002871593	0.003553289	0.000780605	0.000652124	0.00091359	0.002157817	0	0.000440908	0.002427275	0.001196355	0.000549677	0.001007213	0.001693576	0.001463547	0.002204483	0.000221852	0.000183528	0	0.001946251	0.001099965	0.001395496	0	0.001010335	0.001007214	0.003150904	0.002713603	0.013885216	0.011163181	0	0.002062593	0.000521094	0.022271853	0.000339443	0.02013255	0.004841981	0.050981504	0.004865539	0.001314788	0.000953549	0.014768351	0.001567457	0.005405158	0.000755929	0.002058672	0	0.020327958	0.0201101	0	0.014987889	0.00417396	0.001998916	0.005030351	0	0.003286355	0.000110534	0.008598025	0.007218342	0.003536266	0.031447903
Bacteria|Bacteroidetes|Bacteroidia|Bacteroidales|Porphyromonadaceae|Porphyromonas|	0	0	0	0	0	0	0	0	0	0	0	0	0	0	0	0	0	0	0	0	0	0	0	0	0	0	0	0	0	0	0	0	0	0	0	0	0	0	0	0	0	0	0	0	0	0	0	0	0	0	0	0	0	0.001263983	0	0	0	0	0
Bacteria|Bacteroidetes|Bacteroidia|Bacteroidales|Porphyromonadaceae|Porphyromonas|endodontalis	0	0	0	0	0	0	0	0	0	0	0	0	0	0	0.000162436	0	0	0	0	0	0	0	0	0	0	0	0	0	0	0	0	0	0	0	0	0	0	0	0	0	0	0	0	0	0	0	0	0	0	0	0	0	0	0	0	0	0	0	0
Bacteria|Bacteroidetes|Bacteroidia|Bacteroidales|Prevotellaceae|Prevotella|	0	0	0	0.000967667	0.000418729	0.002284747	0	0	0	0	0.000229032	0	0	0	0	0.007210205	0.000917642	0	0	0	0	0	0	0	0	0	0	0	0.003678789	0	0	0	0.003368322	0	0.002355558	0	0	0	0	0	0	0	0	0	0	0.001016398	0	0	0	0	0	0	0.000207048	0.010680655	0.000294757	0	0	0	0
Bacteria|Bacteroidetes|Bacteroidia|Bacteroidales|Prevotellaceae|Prevotella|copri	0	0	0	0.032122347	0.000456795	0	0	0.05148124	0	0.025021636	0.000137419	0.13607122	0	0	0	0.113625439	0.005092911	0	0.233816786	0	0	0.246916929	0	0	0	0	0	0	0.213212108	0.000420937	0.209104552	0	0	0	0.504187659	0.004978416	0.000167777	0.55214172	0.022067838	0.000238199	0.000186602	0.251614676	0.509590853	0.003148557	0	0	0	0	0	0	0	0	0	0	0	0	0	0	0
Bacteria|Bacteroidetes|Bacteroidia|Bacteroidales|Prevotellaceae|Prevotella|stercorea	0	0	0	0	0	0	0	0	0	0	0	0	0	0	0	0.018709558	0.004312916	0	0.02370161	0	0	0	0	0	0	0	0	0	0.009959008	0	0	0	0	0	0	0	0	0	0	0	0	0	0.024693691	0.000121098	0	0	0	0	0	0	0	0	0	0	0	0	0	0	0
Bacteria|Bacteroidetes|Bacteroidia|Bacteroidales|Rikenellaceae||	0.000514315	0.006751249	0.005285813	0.008561752	0.007232585	0.007256188	0	0.005542842	0.005452033	0.002850888	0.002885805	0.011144324	0.000188175	0.000543603	0.01208985	0.000702533	0.000825877	0.003613625	0	0.006159803	0.005264827	0	0.01054537	0.008329931	0.013597363	0.027011551	0.012783214	0.008090543	0.001024806	0.017700419	0.001438219	0.018053229	0.007859418	0.128589888	0.00494013	0	0.016178515	0.001349388	0.033919085	0.020802731	0.025153947	0.025972241	0.002866232	0.025188459	0.061802314	0.005895108	0.016234131	0	0.005046427	0.014810825	0.008436102	0.011212905	0.006708352	0.041490236	0.013190376	0.097491651	0.048139589	0.01203348	0.042110961
Bacteria|Bacteroidetes|Bacteroidia|Bacteroidales|S24-7||	0	0	0	0	0	0.005394542	0	0.004178127	0	0	0	0	0	0	0	0.006322795	0.00330351	0	0	0	0	0	0	0	0	0	0	0.000154737	0.000105108	0	0	0	0	0	0	0	0.000934759	0	0	0	0	0	0.006393902	0.000181648	0	0	0	0	0	0	0	0.001742356	0	0.001295582	0	0	0	0	0
Bacteria|Bacteroidetes|Bacteroidia|Bacteroidales|[Barnesiellaceae]||	0	0	0	0	0.00414922	0.002623228	0	0	0	0.001679988	0.001649031	0	0	0	0	0	0	0	0	0.002287927	0	0	0.002146962	0.000462774	0	0	0	0	0	0.000652453	0	0.003908431	0	0	0	0	0.00222904	0.000726593	0.001407619	0	0	0.00064129	0.000125988	0.003239381	0	0	0	0	0.005147356	0	0.000304919	0.003316097	0.000828192	0	0	0.006797887	0.0055306	0.001882616	0
Bacteria|Bacteroidetes|Bacteroidia|Bacteroidales|[Odoribacteraceae]|Butyricimonas|	0	0.000501641	0	0	0.000532927	0.000232706	0	0.001490688	0.000373427	0.000458178	0.000458064	0	0	0	0	0.000221852	0.00022941	0	0	0	0.000158579	0	0.000294681	0	0	0	0	0.001901057	0	0.000652453	0	0.002109312	0	0	0.001275928	0	0.00170174	0	0.001498433	0	0	0.003160643	0.000913415	0.00112016	0	0	0	0	0.003633428	0	0.000474319	0	0.000289867	0.002053972	0	0.003481845	0	0.000610578	0
Bacteria|Bacteroidetes|Bacteroidia|Bacteroidales|[Odoribacteraceae]|Odoribacter|	0	0.00098238	0.001070544	0.000105181	0.000647126	0.000253861	0	0.000440908	0	0.000127272	0.000137419	0.000649815	0	0.000376341	0	0	0.001468227	0	0	0.000527983	0.000729464	0	0.000631459	0.001116102	0.000969509	0.000348536	0	0	0	0.001094437	0.000646156	0	0.000313332	0.006210662	0.000523457	0	0.001605867	0.000311397	0.001180584	0	0	0.001145161	0.000157485	0.001907299	0.007560382	0.004539911	0.001853724	0.008044749	0.000656036	0.005318433	0.000542079	0.003484712	0.000372686	0.003855148	0.000147379	0.005660958	0.003946719	0.000279848	0
Bacteria|Bacteroidetes|Bacteroidia|Bacteroidales|[Paraprevotellaceae]||	0	0	0	0	0	0	0	0	0	0	0	0	0	0	0	0.000295803	0.000596467	0	0	0	0	0	0	0	0	0	0	0	0	0	0	0	0	0	0	0	0	0	0	0	0	0	0.000818923	0	0	0	0	0	0	0	0	0	0	0.000821589	0	0	0	0	0
Bacteria|Bacteroidetes|Bacteroidia|Bacteroidales|[Paraprevotellaceae]|Paraprevotella|	0	0	0	0	0.000266464	0	0	0.001952592	0	0	0	0	0	0	0	0	0.001192934	0	0	0.002639916	0	0	0.000378876	0	0	0	0	0	0	0.008481889	0	0	0	0	0.002682719	0	0.006279661	0	0	0	0	0.005496771	0.00085042	0	0	0.04797398	0.025334232	0	0	0	0	0	0	0.006130317	0.000110534	0	0.003453379	0.005368001	0
Bacteria|Bacteroidetes|Bacteroidia|Bacteroidales|[Paraprevotellaceae]|[Prevotella]|	0	0	0	0.005553569	0.000647126	0	0	0	0	0	0.001099354	0	0	0	0	0.009613607	0.007295251	0	0	0	0	0	0	0	0	0	0	0	0.015766239	0	0	0	0	0	0	0	0	0	0	0	0	0	0.019150209	0	0	0	0	0	0	0	0	0	0	0	0	0	0	0	0
Bacteria|Cyanobacteria|4C0d-2|YS2|||	0	0	0	0	0	0	0	0	0	0	0	0	0	0	0	0	0	0	0	0	0	0	0	0	0	0	0	0	0.001182468	0	0	0	0	0	0	0	0	0	0	0	0	0	0.012976787	0	0	0	0	0	0	0	0	0	0	0	0	0	0	0	0.004952639
Bacteria|Cyanobacteria|Chloroplast|Streptophyta|||	0	0	0	0	0	0	0.002912238	0	0	0	0	0	0	0	0	0	0	0	0	0	0	0	0	0	0	0	0	0	0.000183939	0	0	0	0	0	0	0	0	0	0	0	0	0	0	0	0	0.00013552	0	0	0.000555107	0	0	0	0	0	0	0	0	0	0.000757781
Bacteria|Elusimicrobia|Elusimicrobia|Elusimicrobiales|Elusimicrobiaceae||	0	0	0	0	0	0	0	0	0	0	0	0	0	0	0	0.016897763	0	0	0	0	0	0	0	0	0	0	0	0	0	0	0	0	0	0	0	0	0	0	0	0	0	0	0.011716904	0	0	0	0	0	0	0	0	0	0	0	0	0	0	0	0
Bacteria|Firmicutes|Bacilli|Bacillales|Bacillaceae|Bacillus|	0	0	0	0	0	0	0	0	0	0	0	0	0	0	0	0	0	0	0	0	0	0	0	0	0	0	0	0	0.000236494	0	0	0.000217135	0	0	0	0.000157545	0	0.000103799	0	0	0	0	0	0	0	0	0	0	0	0	0	0	0	0	0	0	0	0	0
Bacteria|Firmicutes|Bacilli|Bacillales|Listeriaceae|Other|Other	0	0	0	0	0	0	0	0	0	0	0	0	0	0	0	0	0	0	0	0.000175994	0	0	0	0	0	0	0	0	0.000210217	0	0	0.000186116	0	0	0	0.000126036	0	0	0	0	0	0	0	0	0	0	0.000112347	0	0	0	0	0	0	0	0	0	0	0	0
Bacteria|Firmicutes|Bacilli|Bacillales|Staphylococcaceae|Staphylococcus|	0	0	0	0	0	0	0	0	0	0	0	0	0	0	0	0	0	0	0	0	0	0	0	0	0	0	0	0	0.000315325	0	0	0	0	0	0	0	0	0	0	0	0	0	0	0	0	0	0	0	0	0	0	0	0	0	0	0	0	0	0
Bacteria|Firmicutes|Bacilli|Bacillales|Staphylococcaceae|Staphylococcus|aureus	0	0	0	0	0	0	0	0	0	0	0.000183226	0	0	0	0	0	0	0	0.000159966	0	0	0.000146068	0	0	0	0	0	0	0.000367879	0	0	0.000279174	0.000156666	0	0	0.000157545	0	0	0	0	0	0	0	0	0	0	0	0	0	0	0	0	0	0	0	0	0	0	0
Bacteria|Firmicutes|Bacilli|Lactobacillales|Other|Other|Other	0.000342877	0	0.000156121	0	0	0	0	0	0.000112028	0	0	0.000162454	0	0	0	0	0	0	0	0.000351989	0	0	0	0	0	0.000149373	0	0	0	0	0	0.000310193	0	0	0	0	0	0	0	0	0	0.000137419	0	0	0	0	0	0	0.00035325	0	0.0001694	0	0	0	0	0	0.000181757	0.000178085	0
Bacteria|Firmicutes|Bacilli|Lactobacillales|||	0	0	0	0	0.000190331	0	0	0	0.000186713	0	0	0	0	0	0	0	0	0	0	0	0	0	0	0	0	0	0	0	0	0	0	0	0	0	0	0	0	0	0	0	0	0	0	0	0	0	0	0	0	0	0	0	0	0	0	0	0	0	0
Bacteria|Firmicutes|Bacilli|Lactobacillales|Aerococcaceae|Aerococcus|	0	0	0	0	0	0	0	0.000104978	0	0	0	0	0	0	0	0	0	0	0	0	0	0	0	0	0	0	0	0	0	0	0	0	0	0	0	0	0	0	0	0	0	0	0	0	0	0	0	0	0	0	0	0	0	0	0	0	0	0	0
Bacteria|Firmicutes|Bacilli|Lactobacillales|Carnobacteriaceae|Granulicatella|	0	0	0	0	0.000114199	0	0	0	0	0	0	0	0	0	0	0	0	0	0	0	0	0	0	0	0	0	0	0	0	0	0	0	0	0	0	0	0	0	0	0	0	0	0	0	0	0	0	0	0	0	0	0	0	0	0	0	0	0	0
Bacteria|Firmicutes|Bacilli|Lactobacillales|Enterococcaceae|Other|Other	0	0	0	0	0	0	0.000104008	0	0	0	0	0	0	0	0	0	0	0	0.003839181	0.000131996	0	0.000166934	0	0	0	0	0	0	0.000131385	0	0	0.000372232	0	0	0	0.000157545	0	0	0	0	0	0	0	0	0	0	0	0	0	0.000269288	0	0	0	0	0	0	0	0	0
Bacteria|Firmicutes|Bacilli|Lactobacillales|Enterococcaceae|Enterococcus|	0	0	0	0	0	0	0	0	0	0	0	0	0	0	0	0	0	0	0	0	0	0	0	0	0.000363566	0	0	0	0	0	0	0	0.002506658	0	0	0	0	0	0.000181628	0	0	0	0	0	0	0	0	0	0	0	0	0	0	0	0	0	0	0	0
Bacteria|Firmicutes|Bacilli|Lactobacillales|Lactobacillaceae|Lactobacillus|Other	0	0	0	0	0	0	0	0	0	0	0	0	0	0	0	0	0	0	0	0	0	0	0	0	0	0	0.00013224	0	0	0	0	0	0	0	0	0.002363172	0	0	0	0	0.000223922	0	0	0	0	0	0	0	0	0	0	0	0	0	0	0	0	0	0
Bacteria|Firmicutes|Bacilli|Lactobacillales|Lactobacillaceae|Lactobacillus|	0	0	0	0	0	0	0	0	0	0	0.000137419	0	0	0	0.000255256	0	0	0	0	0	0	0	0.000442022	0	0	0	0.003438244	0.000596843	0.000578095	0	0	0.000341212	0	0	0	0	0	0	0	0	0.006754992	0	0	0	0	0	0	0	0	0	0	0	0	0	0	0	0	0	0
Bacteria|Firmicutes|Bacilli|Lactobacillales|Lactobacillaceae|Lactobacillus|iners	0	0	0	0	0	0	0	0	0	0	0	0	0	0	0	0	0	0	0	0	0	0	0	0	0	0	0	0	0	0	0	0	0	0	0	0	0	0	0	0	0	0	0	0	0	0	0	0	0	0	0	0	0	0.001421981	0	0	0	0	0
Bacteria|Firmicutes|Bacilli|Lactobacillales|Lactobacillaceae|Lactobacillus|ruminis	0	0	0	0.002208806	0	0	0	0	0	0.005498142	0	0.000942231	0	0	0	0	0.017985777	0	0	0	0	0	0	0	0	0	0.00013224	0.000110527	0.071578726	0	0	0	0	0	0	0	0.000311586	0	0	0	0	0	0	0	0.007002233	0	0	0	0	0	0	0	0	0	0	0	0	0	0
Bacteria|Firmicutes|Bacilli|Lactobacillales|Lactobacillaceae|Lactobacillus|zeae	0	0	0	0	0	0	0	0	0	0	0	0	0	0	0	0	0	0	0.000586542	0	0	0	0	0	0.000412041	0	0	0	0	0	0	0	0	0	0	0	0	0	0	0	0	0	0	0	0	0	0	0	0	0	0	0	0	0	0	0	0.000467375	0	0
Bacteria|Firmicutes|Bacilli|Lactobacillales|Lactobacillaceae|Pediococcus|	0	0	0	0	0	0	0	0	0	0	0	0	0	0	0	0	0	0	0	0	0	0.007553784	0	0	0	0	0	0	0.001471516	0	0	0	0	0	0	0	0	0	0	0	0	0	0	0	0	0	0	0	0	0	0	0	0	0	0	0	0	0	0
Bacteria|Firmicutes|Bacilli|Lactobacillales|Leuconostocaceae||	0	0	0	0	0	0	0	0	0	0	0	0	0	0	0	0	0	0	0	0	0	0	0	0	0	0.000248954	0	0	0	0.000799781	0	0	0	0	0	0	0	0	0	0	0	0	0	0	0	0	0	0	0	0	0	0.00022482	0	0.001074385	0	0	0	0	0
Bacteria|Firmicutes|Bacilli|Lactobacillales|Leuconostocaceae|Leuconostoc|	0	0	0	0	0	0	0	0	0.000149371	0	0	0	0	0	0	0	0	0	0	0	0	0	0	0	0	0	0	0	0	0	0	0	0	0	0	0	0	0	0	0	0	0	0	0	0	0	0	0	0	0	0	0	0	0	0	0	0	0	0
Bacteria|Firmicutes|Bacilli|Lactobacillales|Streptococcaceae|Lactococcus|	0.000878622	0.000418034	0	0	0	0	0	0	0.000224056	0	0.001145161	0	0	0	0	0	0	0	0.008078277	0	0.000190295	0	0	0	0.000169664	0	0.00013224	0	0	0.000168375	0	0.001861158	0	0	0	0	0	0	0	0	0	0	0	0	0	0.000406559	0	0	0	0	0.00020328	0.00022482	0.000207048	0.000221197	0	0	0	0	0
Bacteria|Firmicutes|Bacilli|Lactobacillales|Streptococcaceae|Streptococcus|	0.003021601	0.001295905	0.006646297	0.000589015	0.000190331	0.002432833	0.000187215	0.005227907	0.010269241	0.003181795	0.000870322	0.002436806	0.001881751	0.00393067	0.003898455	0.000332779	0.00197293	0.000722725	0.005758771	0.001187962	0.006977482	0.049412599	0.003557221	0.008466041	0.002326821	0.002165903	0.002997443	0.003603165	0.011404246	0.00820828	0.000187594	0.011042869	0.006971643	0	0.00016358	0.008318367	0	0	0.000227035	0	0.007426759	0.00371032	0.000377965	0	0	0.000271039	0.000449388	0.000251398	0.003128785	0	0.001118038	0.002754047	0.006252847	0.000821589	0.000921116	0.000568464	0.007374133	0.000305289	0.0002977
Bacteria|Firmicutes|Bacilli|Lactobacillales|Streptococcaceae|Streptococcus|anginosus	0	0	0	0	0	0	0	0	0	0	0	0	0	0	0.000116025	0	0	0	0	0	0	0.000396469	0.000336778	0	0	0	0	0	0	0	0	0	0	0	0	0	0	0	0	0	0	0	0	0	0	0	0	0	0	0	0	0	0	0	0	0	0	0	0
Bacteria|Firmicutes|Bacilli|Turicibacterales|Turicibacteraceae|Turicibacter|	0.003814504	0.000961478	0.001962665	0.005048699	0.00030453	0.001946266	0	0	0	0.003410884	0.000458064	0.002664241	0.000790335	0.000815405	0.008330626	0	0.000596467	0	0.001279727	0.000263992	0.000222011	0.001085074	0.002041718	0.00013611	0.001551214	0.000199164	0	0	0.001024806	0.00073664	0.000312656	0.000682424	0.000287221	0	0	0	0	0.002906373	0.000136221	0	0.000111961	0	0.000314971	0.000999061	0	0	0.002527806	0	0	0.000269288	0.00023716	0.001882869	0	0	0	0	0.000363514	0.00099219	0
Bacteria|Firmicutes|Clostridia|Clostridiales|Other|Other|Other	0.000192868	0.000167214	0.000178424	0.000357616	0.001027788	0.000211551	0	0.000755842	0.000186713	0	0.000732903	0.000389889	0.00022581	2.09E-05	0.000487307	0.000147902	0	0	0.00053322	0.00061598	6.34E-05	0	0.00031573	0.00040833	0	2.49E-05	0.00013224	8.84E-05	0.000183939	0.000589312	0	0	2.61E-05	0	0.00058889	0	0	0	4.54E-05	0	3.73E-05	4.58E-05	0	3.03E-05	0	0	0	0	0	0	0	2.81E-05	0	6.32E-05	3.68E-05	0	5.19E-05	2.54E-05	2.71E-05
Bacteria|Firmicutes|Clostridia|Clostridiales|||	0.009300531	0.013711515	0.0215001	0.038180785	0.030719452	0.061603554	0.000644853	0.014214029	0.000224056	0.035763376	0.040905135	0.030151407	0.002784991	0.000334525	0.029052768	0.047661305	0.027666896	0.003959276	0.001946251	0.060674058	0.029495718	0.007240782	0.062303985	0.030025861	0.000557468	0.009808803	0.015428017	0.011317919	0.011115199	0.089996422	0.014861597	0.000992617	0.037573764	0.014005252	0.02100373	0	0.048008245	0.005985745	0.145847523	0.012426059	0.036648628	0.011085154	0.016220983	0.084496382	0.00121778	0.007792384	0.001348163	0.034441581	0.019226887	0.000538575	0.053462529	0.059914568	0.012257236	0.017790558	0.007995284	0.01290888	0.050242775	0.010557916	0.035480379
Bacteria|Firmicutes|Clostridia|Clostridiales|Christensenellaceae||	0	0.000271722	0	0.018575005	0.018652455	0.034250053	0	0.000881816	0.000149371	0.001832714	0.02624708	0.000324907	0	0	0.000208846	0.003290812	0.00087176	0	0.000213288	0.003519887	0	0	0.009261403	0	0	0.001070504	0.0002204	0	0.000814589	0.025066824	0.000604469	0.000186116	0.000208888	0.000500188	0	0	0.005656488	0	0.006084548	0.000476398	0.000634447	0.000274839	0.001133894	0.00257334	0	0	0	0	0.000252321	0	0.035607806	0.004636915	0	0.000284396	0	0.009806012	0.001739672	0.00200982	0
Bacteria|Firmicutes|Clostridia|Clostridiales|Christensenellaceae|Christensenella|	0	0	0	0	0	0	0	0.000104978	0	0	0.000229032	0	0	0	0	0	0	0	0	0.000131996	0	0	0	0	0	0.000224059	0	0	0	0.000420937	0	0	0	0	0	0	0	0	0	0	0	0	0	0	0	0	0	0	0.00035325	0	0.00013552	0.000196718	0	0.000157998	0	0	0	0	0
Bacteria|Firmicutes|Clostridia|Clostridiales|Clostridiaceae|Other|Other	0.000642894	0.000836068	0.009813324	0.045312073	0.014389037	0.011317961	0	0.021499507	0.00097091	0.002850888	0.031469012	0.004288778	0.005381807	0.00689958	0.016359586	0.005102607	0.026611608	0	0.009118055	0.016147483	0.000792896	0.006656511	0.007051296	0	0.003538708	0.01785003	0.004981046	0.001923162	0.002548875	0.016311325	0.00083375	0.007599727	0.01146274	0	0	0	0.000119841	0.011279496	0.002224947	0	0.000261243	0.001053548	0.000818923	0.000211922	0.000152222	0.000677599	0.001067296	0.000628496	0	0.004106638	0.001287437	0.003091277	0	0.000252797	0.000331602	0.001397475	0.000285618	0.005571527	0.000243572
Bacteria|Firmicutes|Clostridia|Clostridiales|Clostridiaceae||	0.0052503	0.001588529	0.020518768	0.055430507	0.005595737	0.010514068	0.006718948	0.011967499	0.000149371	0.000967266	0.014474829	0.012378972	0.00052689	0.006690502	0.022624959	0.010501017	0.021335169	0.003582202	0.012503999	0.004971841	0.001490644	0.010704672	0.001368162	0	0.007537932	0.005875324	0.002688883	0.000729475	0.0057284	0.003262265	0.011797565	0.021031081	0.008903859	0.000791964	0.000490741	0.00122885	0.001462058	0.004843955	0.003632566	0.000555798	0.002201903	0.001878063	0.005291505	0.005661348	0.00121778	0.006233907	0.00292102	0.002576834	0	0.002625555	0.002608755	0.003063174	0	0.000157998	0.000147379	0.001681707	0.003661101	0.012771262	0.000270636
Bacteria|Firmicutes|Clostridia|Clostridiales|Clostridiaceae|Clostridium|Other	0	0	0	0	0	0	0	0	0	0	0	0	0	0	0	0	0	0	0	0	0	0	0	0	0	0	0	0	0	0	0	0	0	0	0	0	0	0	0	0	0	0	0	0	0	0	0	0	0	0	0	0	0	0	0	0	0	0	0
Bacteria|Firmicutes|Clostridia|Clostridiales|Clostridiaceae|Clostridium|	0.000385736	0.000710658	0.002453331	0.000462797	0.000190331	0.000803893	0	0.001595667	0.00097091	0.001883623	0	0	0	0.00248803	0.000580127	0.000258828	0.003578802	0	0.000239949	0.002067934	0	0.002316216	0.000105243	0.005907173	0.004435503	0.003933479	0.004936966	0.000773686	0.001129914	0.000484078	0.001063032	0	0.003551099	0.000416823	0.000523457	0	0.002972053	0.000380596	0.000363257	0	0.011755925	0.001099354	0	0.006630135	0	0.001016398	0.001404337	0.010433034	0.000454178	0	0	0.004299685	0	0.004044745	0.000921116	0.000852697	0	0.001246597	0.001569689
Bacteria|Firmicutes|Clostridia|Clostridiales|Clostridiaceae|SMB53|	0	0	0	0.001093885	0	0	0	0.000167965	0	0	0.000137419	0	0	0	0.000116025	0	0.000321175	0	0.000133305	0.000219993	0	0	0	0	0	0.000248954	0	0	0	0	0	0.000155096	0.000182777	0	0	0	0	0.000622794	0	0	0	0	0	0	0	0	0	0	0	0	0	0	0	0	0	0	0	0.000178085	0
Bacteria|Firmicutes|Clostridia|Clostridiales|Dehalobacteriaceae|Dehalobacterium|	0	0	0	0	0	0.000148085	0	0	0	0	0	0	0	0	0	0	0	0	0	0	0	0	0	0	0	0	0	0	0	0	0	0	0	0	0	0	0.000239682	0	0.001271398	0	0	0	0	0	0	0	0	0	0	0	0.000271039	0.000309128	0	0	0	0	0.000181757	0	0
Bacteria|Firmicutes|Clostridia|Clostridiales|EtOH8||	0	0	0	0	0	0	0	0	0	0	0	0	0	0	0	0	0	0	0	0	0	0	0	0	0	0	0	0	0	0	0	0	0	0	0	0	0.000143809	0	0	0	0	0	0	0	0	0	0	0	0	0	0	0.00033723	0	0	0	0.000402662	0.000467375	0	0
Bacteria|Firmicutes|Clostridia|Clostridiales|Eubacteriaceae|Anaerofustis|	0	0	0	0	0	0	0	0	0.000112028	0	0	0	0	0	0	0	0	0.00021996	0	0	0	0	0	0	0	0	0	0	0	0	0	0.000806502	0	0.001125422	0	0	0	0	0	0	0	0	0	0	0	0	0	0	0	0	0	0	0	0	0	0	0	0	0
Bacteria|Firmicutes|Clostridia|Clostridiales|Eubacteriaceae|Pseudoramibacter_Eubacterium|	0	0	0	0	0	0	0	0	0	0	0	0	0	0	0	0	0	0.000188537	0	0	0	0	0	0.00040833	0	0.000149373	0	0	0	0.000505125	0	0.000372232	0	0	0	0	0	0	0.000136221	0	0	0	0	0	0	0	0	0	0	0	0	0	0	0	0	0	0	0	0
Bacteria|Firmicutes|Clostridia|Clostridiales|Lachnospiraceae|Other|Other	0.080704612	0.028468114	0.044583714	0.026758104	0.031176247	0.023820605	0.024982839	0.043691868	0.067851675	0.055999593	0.051532225	0.030996166	0.033043544	0.038344937	0.050633499	0.024070993	0.050837348	0.000659879	0.03103338	0.030535023	0.01344751	0.004215095	0.011724094	0.022675922	0.040743613	0.001443935	0.003350084	0.00890844	0.03142737	0.003157031	0.020656161	0.002481544	0.016946055	0.004334959	0.003696918	0.007814223	0.008316955	0.006124144	0.007038097	0.007265076	0.018921441	0.007603866	0.012126366	0.008022766	0.01430891	0.011112617	0.001909898	0.012318522	0.002674606	0.013464387	0.011824095	0.011578237	0.016149737	0.013082222	0.005379315	0.010871882	0.017552515	0.014246826	0.005060893
Bacteria|Firmicutes|Clostridia|Clostridiales|Lachnospiraceae||	0.373628493	0.19545179	0.16374869	0.031386078	0.069128283	0.110916014	0.114450939	0.20602994	0.294447141	0.192333147	0.049104484	0.099779063	0.221331527	0.245395053	0.237596881	0.113144759	0.099931177	0.057315234	0.106803882	0.160198874	0.044624167	0.095799512	0.083773601	0.171580237	0.169736778	0.10573093	0.145023362	0.156925594	0.110889216	0.0713068	0.101404869	0.025714995	0.153219489	0.046309033	0.058758097	0.039480732	0.093236182	0.025880562	0.031648731	0.059867402	0.153386826	0.059639962	0.035434187	0.080893706	0.09513903	0.124000542	0.064655657	0.118408648	0.070246266	0.092702302	0.058476758	0.055052833	0.201995942	0.110377299	0.072620758	0.095502025	0.110819723	0.102322741	0.06608931
Bacteria|Firmicutes|Clostridia|Clostridiales|Lachnospiraceae|Anaerostipes|	0	0.003009845	0.007382296	0.000189326	0.003197564	0.000232706	0	0.000629868	0	0	0.000183226	0.001689518	0.013247525	0	0.004084095	0	0	0	0	0.004663851	0	0.009264862	0.000862994	0	0	0	0	0.004177904	0.001576624	0.003746343	0.00343922	0.000217135	0.00279388	0.001875703	0	0	0.000766981	0	0.000136221	0.001270396	0.007688001	0.000549677	0	0.011988738	0	0.000542079	0	0.000251398	0	0	0.002947554	0.001939074	0.004886331	0.002306769	0.001915921	0.00315024	0.001739672	0.002874806	0.0002977
Bacteria|Firmicutes|Clostridia|Clostridiales|Lachnospiraceae|Blautia|Other	0.014872278	0.009698388	0.01512144	0.006626417	0.005100876	0.002136662	0	0.018665099	0.007916651	0.000661813	0.073290275	0.009747222	0.018554063	0.000271802	0.020907783	0.005028656	0.00417527	0	0.00735843	0.037046815	0.022232794	0	0.017196742	0.020062611	0.002181395	0.006074487	0.001057921	0.016623193	0.003389741	0.003114937	0.008233283	0.000248154	0.011097185	0.003834771	0	0	0.006016011	0.001556986	0.00186169	0.000913097	0.009255458	0.001374193	0.000787426	0.00184675	0	0.000880878	0	0.000251398	0	0	0.006030627	0.008121628	0.000911011	0.013429817	0.000442136	0.001089557	0.008153091	0.00534256	0.004303112
Bacteria|Firmicutes|Clostridia|Clostridiales|Lachnospiraceae|Blautia|	0.137686439	0.110423677	0.111068983	0.061888634	0.069699277	0.064988365	0.255528051	0.058745722	0.201874603	0.099272005	0.099720581	0.088049906	0.195513906	0.119592716	0.135053604	0.109632095	0.084010094	0.332987682	0.061053642	0.093189018	0.224484618	0.135822048	0.049548507	0.141227712	0.177129284	0.178400717	0.208278233	0.189066714	0.083981501	0.056342475	0.048461731	0.249705317	0.067888663	0.080238423	0.009422234	0.033494029	0.039475576	0.023320185	0.011124733	0.026916511	0.166187722	0.009390317	0.012787804	0.056068542	0.037091536	0.0577314	0.024941018	0.051096726	0.018217602	0.057021678	0.048617699	0.029451439	0.418775105	0.057195222	0.057956597	0.048153675	0.029029159	0.043834432	0.052341001
Bacteria|Firmicutes|Clostridia|Clostridiales|Lachnospiraceae|Blautia|obeum	0	0	2.23E-05	0	0	0	0	0	0	0	4.58E-05	0	0	0	0	0	0	0	2.67E-05	0	0	0	0	2.72E-05	0	0	0	0	0	0	0	0	0	0	0	0	0	0	0	0	0	0	0	0	0	0	0	0	0	0	0	0	0	0	0	0	0	0	0
Bacteria|Firmicutes|Clostridia|Clostridiales|Lachnospiraceae|Blautia|producta	0	0	0	0	0	0	0.00538764	0	0	0	0	0	0.000564525	0.001860796	0	0	0	0.001508296	0.007438413	0	0.000285442	0.000125201	0	0.002259426	0.00266615	0.014588727	0.005774486	0.00103895	0.000499264	0	0	0.015974936	0	0.000166729	0	0.000409617	0	0	0	0	0	0	0	0	0.002181855	0.002032796	0.010897652	0.001068443	0.0007065	0.000807863	0	0	0.000207048	0.000157998	0.001105339	0	0	0.000152645	0
Bacteria|Firmicutes|Clostridia|Clostridiales|Lachnospiraceae|Butyrivibrio|	0	0	0	0	0	0	0	0	0	0	0	0	0	0	0	0.000813459	0	0	0	0	0	0	0	0	0	0	0	0	0	0	0	0	0	0	0	0	0	0	0	0	0	0	0	0	0	0	0	0	0	0	0	0	0	0	0	0	0	0	0
Bacteria|Firmicutes|Clostridia|Clostridiales|Lachnospiraceae|Coprococcus|Other	0	0	0	0.033931464	0.00354016	0.000401946	0	0.000545886	0	0.007203584	0.000183226	0	0	0	0	0.010574968	0	0	0	0.016191482	0.000126863	0	0.012397651	0	0	0	0	0	0.001287576	0.000315703	0	0	0.002323881	0	0	0	0	0.000588195	0.000408664	0	0	0	0.000377965	0	0	0	0	0	0	0	0	0.001798561	0	0	0	0	0	0	0
Bacteria|Firmicutes|Clostridia|Clostridiales|Lachnospiraceae|Coprococcus|	0.017743871	0.014798403	0.020340344	0.022382565	0.018728588	0.011825682	0.005970087	0.01406706	0.025654431	0.02008349	0.024369017	0.025147833	0.02325844	0.027911936	0.016545227	0.037345165	0.024409268	0.005530417	0.01634318	0.0218673	0.025594672	0.007428583	0.018838536	0.017340411	0.01459111	0.024621589	0.041435246	0.024625315	0.015240698	0.074316503	0.018175755	0.012438737	0.019348269	0.001750656	0.004122227	0.002804298	0.03118259	0.007162134	0.007582981	0.013259756	0.037432357	0.034263204	0.025103153	0.015833611	0.015425208	0.026697384	0.011908774	0.021306015	0.013877675	0.025649657	0.02405475	0.015119155	0.038138225	0.020223725	0.008990089	0.012600962	0.0165918	0.011448343	0.016102842
Bacteria|Firmicutes|Clostridia|Clostridiales|Lachnospiraceae|Coprococcus|eutactus	0	0	0	0.000294507	0.000761325	0.00150201	0	0.007054526	0	0.01015629	0.000320645	0	0	0	0	0	0	0	0	0	0	0	0.057062872	0	0	0	0	0	0.006017448	0	0.018571786	0	0.008982192	0	0	0	0	0	0.003587159	0	0	0	0.002173297	0	0	0	0	0	0	0	0	0.017845099	0	0	0	0	0	0	0
Bacteria|Firmicutes|Clostridia|Clostridiales|Lachnospiraceae|Dorea|Other	0.003278759	0.002926238	0.005085086	0.000799377	0.006318995	0.002517453	0.008611903	0.002624451	0	0.005218144	0.007054189	0.007635324	0.0119303	0.004348826	0.002042048	0.007062304	0.009268181	0	0.007944972	0.003167899	0	0	0.002736324	0.010398802	0.010761549	0.011377216	0	0.006300013	0.003363464	0.004798687	0.003689345	0	0.003028879	0	0.002486423	0.000945269	0.004242366	0.003563767	0.002224947	0.000793997	0.00283635	0.000916128	0.001732338	0.001634828	0.002841486	0	0	0.004210923	0.003633428	0.005520399	0.001084158	0.002416817	0	0.007109903	0.000184223	0.002652834	0.001428089	0	0.000703654
Bacteria|Firmicutes|Clostridia|Clostridiales|Lachnospiraceae|Dorea|	0.011807818	0.00639592	0.009567991	0.005406315	0.028169014	0.008673577	0.007197387	0.002876399	0.007132455	0.011785369	0.000366451	0.008804991	0.003763502	0.015262707	0.017960737	0.009354779	0.013672861	0.016654098	0.013490455	0.01126364	0.016745956	6.26E-05	0.004988528	0.010807132	2.42E-05	0.015534754	0.002732963	0.041889562	0.00769918	0.000610359	0.005669501	0.011291023	0.007885529	0.012921512	0.000327161	0.005545578	0.002996021	0.00328697	0.004676929	0.002064393	0.010151148	0	0.003149706	0.006478762	0.003653339	0.001558477	0.013762499	0.014769656	0.011505854	0.000673219	0.008537742	0.006351169	0.033748809	0.005277128	0.005526694	0.001610649	0.003115831	0.008446333	0.000433018
Bacteria|Firmicutes|Clostridia|Clostridiales|Lachnospiraceae|Lachnobacterium|	0	0.003574191	0.000111515	0.000483834	0.00030453	0.000486567	0.013042664	0	0	0	0	0.000487361	0.00097851	0	0	0	0.000137646	0	0.000133305	0.018963393	0	0	0	0	0	0	0.00013224	0	0.001287576	0	0.002230282	0	0	0	0.000229013	0	0.000838886	0	0.000136221	0.000476398	0	0	0.000283473	0	0	0	0	0.000125699	0	0	0.000372679	0.009695369	0	0	0	0.000378976	0	0	0
Bacteria|Firmicutes|Clostridia|Clostridiales|Lachnospiraceae|Lachnospira|	0.017293845	0.029178772	0.007359993	0.005448388	0.005786068	0.009498625	0.042789092	0.013437192	0	0.006796314	0.001419999	0.027259731	0.058522449	0.055071191	0.003248712	0.002588279	0.002064694	0	0.009891223	0.005543823	0.036631779	0.00699038	0.021469616	0.003783857	0.007198604	0.004755029	0.017235299	0.004863168	0.008461215	0.009386905	0.004564782	0.000186116	0.013421066	0.006502438	0.000490741	0	0.01493217	0.008857519	0.007537574	0.0001191	0.005374137	0.023269662	0.003307191	0.008628258	0.004617414	0.032592492	0.015110662	0.02520269	0.017914816	0.00451057	0.007995663	0.036898606	0	0.008879479	0.018053867	0.015182738	0.088255914	0.012465973	0.014424899
Bacteria|Firmicutes|Clostridia|Clostridiales|Lachnospiraceae|Roseburia|Other	0.001542945	0.005706164	0.006824721	0.014073248	0.000494861	0.004442564	0.008632704	0.019357954	0.00097091	0.005447233	0.004122578	0.004548704	0.013360431	0.024441239	0.001183459	0.001959697	0.003991741	0	0.001546337	0.007699754	0.033491912	0.004653298	0.009450841	0.018837621	0.038562218	0.000921131	0.000661201	0.00141474	0.004913811	0.001283859	0	0	0.018747715	0.001834021	0.000490741	0	0.007693783	0.000553595	0.002315761	0	0.000335884	0.037332234	0.000976409	0.006478762	0	0.00013552	0.015953264	0.000565646	0	0.008213276	0.000372679	0.030435027	0.000331277	0.001074385	0.005931985	0.001136929	0.006387454	0.015010049	0.006251691
Bacteria|Firmicutes|Clostridia|Clostridiales|Lachnospiraceae|Roseburia|	0.004457398	0.001484021	0.004460602	0.001367356	0.001408451	0.008715887	0.034218792	0.001469693	0.003659584	0.001196355	0.000274839	0.000194944	0.014301306	0.001275377	0.002714995	0.002033648	0.005551732	0	0.00135971	0.009107709	0.008024104	0.001377209	0.002041718	0.001606098	0.014639585	0.010431189	0.003702724	2.21E-05	0.006122556	0.003199124	0.000187594	0	0.007624419	0.002709349	0.002748152	3.15E-05	0.004122525	0.001210989	0.002406575	0	7.46E-05	0.003893546	0.004724558	0.005358603	0.001775929	0.000542079	0.016290304	0.000377098	0.001867178	0.009492393	0.000304919	0.002641637	0	0.000537193	0.008990089	7.11E-05	0.000623166	0.000915867	0.003491204
Bacteria|Firmicutes|Clostridia|Clostridiales|Lachnospiraceae|Roseburia|faecis	0	2.09E-05	2.23E-05	0.000189326	0	2.12E-05	0.000187215	0.000104978	0	2.55E-05	0	0	0.000263445	0.000209078	2.32E-05	0	0	0	0	8.80E-05	0.000190295	0	2.10E-05	0.000163332	0.000242377	2.49E-05	0	0	2.63E-05	0	0	0	0.000339443	0	0	0	4.79E-05	0	0	0	0	9.16E-05	0	0	0	0	0.000674082	6.28E-05	0	0	0	0.00011241	0	0	0	0	0	0.003383621	0
Bacteria|Firmicutes|Clostridia|Clostridiales|Lachnospiraceae|[Ruminococcus]|Other	2.14E-05	0	0	0	0	0	0	2.10E-05	0	0	0	9.75E-05	3.76E-05	4.18E-05	2.32E-05	0	0	0	8.00E-05	8.80E-05	0	6.26E-05	0	0	0	4.98E-05	0	8.84E-05	0	4.21E-05	0	0.000217135	0	0	0	0	0	0	0	0	0	0	0	0	0	0	0	0	0	0	0	0	0	0	0	0	0	0	0
Bacteria|Firmicutes|Clostridia|Clostridiales|Lachnospiraceae|[Ruminococcus]|	0.006536088	0.011976674	0.014496956	0.012600711	0.026874762	0.012375714	0.009568781	0.01526381	0.059673625	0.031563407	0.002290321	0.037494314	0.026871401	0.0449309	0.018981761	0.020040673	0.014957559	0.000879839	0.098512317	0.032162971	0.001363781	0.054483234	0.009850765	0.018810399	0.021014106	0.019094802	0.013973376	0.023962156	0.024595333	0.022983184	0.017321161	0.038805137	0.018434383	0.003751407	0.000523457	0.002237136	0.016969465	0.003805965	0.005267221	0.006868077	0.011606643	0.000916128	0.003307191	0.004571463	0.016693728	0.008198943	0.01443658	0.018477783	0.03012717	0.017234415	0.006335547	0.00792491	0.048656259	0.035138722	0.007774216	0.02385182	0.000233687	0.000737782	0.00300406
Bacteria|Firmicutes|Clostridia|Clostridiales|Lachnospiraceae|[Ruminococcus]|gnavus	0.004071661	0.002570909	0.007605326	0.001367356	0.001827179	0	0.018783933	0.000167965	0.003659584	0.00297816	0.003527094	0.001072194	0.00030108	0.014781827	0.000162436	0.000147902	0.002890571	0.050307944	0.006398635	0	0.001458928	0.063435094	0	0.001524432	0.004120413	0.075084644	0.008463369	0.022945311	0.008250999	0.004630312	0.000375188	0.000124077	0.001331662	0.006294027	0.000229013	0.018369726	0	0.000345997	0.000681106	0.000396999	0.001492816	0	0.000220479	0.00033302	0.002892227	0.01937932	0.012133468	0.001194142	0.001766249	0.013666352	0.001524597	0	0.003519814	0.002369968	0.001326407	0	0.000233687	0.004172285	0
Bacteria|Firmicutes|Clostridia|Clostridiales|Lachnospiraceae|[Ruminococcus]|torques	4.29E-05	0.000104508	0	0	0.000380662	0	0.000395232	0	0.000112028	0.000534542	0.000183226	0.000487361	0.000413985	0	0	0	0	0	0.00162632	0.000439986	0	0.001314609	0	0	0.000363566	0.000597491	0	0.001635793	5.26E-05	0.000820828	0	0.002357466	0	0	0	0	0	0	0	0	0	0	0	0	0	0.000813118	0	0.000188549	0	0	0	0	0	0.000189597	0	0.000260546	0	0	0
Bacteria|Firmicutes|Clostridia|Clostridiales|Peptococcaceae||	0	0	0	0	0	0	0	0	0	0	0	0.000129963	0	0	0	0	0	0	0	0	0	0	0	0	0	0	0	0	0	0	0	0.000465289	0	0.000416823	0	0	0.000119841	0	0.000181628	0	0	0.000183226	0.000220479	0.000242197	0	0	0	0	0	0	0	0.000140513	0	0	0	0.000213174	0	0	0
Bacteria|Firmicutes|Clostridia|Clostridiales|Peptococcaceae|Peptococcus|	0	0	0	0	0	0	0	0	0	0.000534542	0	0	0	0	0	0.000443705	0	0	0	0	0	0	0	0	0	0	0	0	0	0	0	0	0	0	0	0	0.000671109	0	0	0	0	0	0	0	0	0	0	0	0	0	0	0	0	0	0	0	0	0	0
Bacteria|Firmicutes|Clostridia|Clostridiales|Peptococcaceae|rc4-4|	0	0	0.000111515	0.000420725	0	0	0	0	0	0	0	0	0	0	0	0	0	0	0	0.000395987	0	0	0	0	0	0	0	0	0	0	0	0	0	0	0	0	0	0	0	0	0	0	0	0	0	0	0	0	0	0	0	0	0	0	0	0	0	0	0
Bacteria|Firmicutes|Clostridia|Clostridiales|Peptostreptococcaceae||	0	0	0.000490666	0.001809117	0.000989722	0.000888513	0	0.001889605	0.000149371	0.000305452	0.002610966	0.000324907	0.000338715	0.000564511	0.00127628	0.000665557	0.002294104	0	0.000613203	0.001671946	0	0.000271268	0.000673557	0	0	0.001319458	0.000484881	0.000110527	0.000210217	0.000989203	0	0.000713444	0.001253329	0	0	0	0	0.001280188	0.000227035	0	0	0	0	0	0	0	0.000393214	0.000125699	0	0.00033661	0.00013552	0.000196718	0	0	0	0.000165802	0	0.000686901	0
Bacteria|Firmicutes|Clostridia|Clostridiales|Peptostreptococcaceae|Peptostreptococcus|Other	0	0	0	0	0	0	0	0	0	0	0	0	0	0	0	0	0	0	0	0	0	0	0	0	0	0	0	0	0	0	0	0	0	0	0	0.000126036	0	0	0	0	0	0	0	0	0	0	0	0	0	0	0	0	0	0.000126398	0	0	0	0	0
Bacteria|Firmicutes|Clostridia|Clostridiales|Ruminococcaceae|Other|Other	0	4.18E-05	0.000111515	0.00067316	0.00030453	0.000148085	0	0	0	0.000127272	0	0.000162454	0	0	0	0.000221852	0.000183528	0	0	0.00030799	0	0	0.000210486	0	0	0	0	0	0	0.000631406	0.000125063	0.000124077	0	0	0	0	0.000479363	0	0	0	0	0	0	0.000484393	0	0	0	0	0	0	0	0	0	0	0	7.11E-05	0.000934749	0.000178085	0
Bacteria|Firmicutes|Clostridia|Clostridiales|Ruminococcaceae||	0.071746957	0.205944443	0.191605148	0.270210573	0.248724781	0.275565898	0.246063279	0.161456256	0.027558908	0.176958713	0.189867619	0.202027422	0.099695156	0.132681009	0.115955818	0.168755777	0.20330351	0.156705631	0.060520422	0.186510032	0.166634951	0.003422156	0.207750111	0.211378794	0.020165786	0.053425612	0.1787446	0.118241302	0.088185831	0.136615242	0.133108221	0.006358955	0.176876077	0.175274061	0.11077668	0.001071305	0.247782944	0.11743132	0.37715116	0.133867958	0.076730733	0.195593422	0.163595704	0.237837183	0.00685001	0.078262637	0.089933715	0.243416504	0.126917642	0.030429514	0.459242445	0.40669964	0.038593731	0.086330026	0.182159832	0.15947796	0.169553138	0.424657186	0.094181326
Bacteria|Firmicutes|Clostridia|Clostridiales|Ruminococcaceae|Anaerotruncus|	0	0	0	0	0	0	0	0	0	0	0	0	0	0	0	0	0	0	0.000106644	0	0	0	0	0	0	0	0.00039672	0	0	0.000420937	0	0	0	0.001583927	0	0	0.000455395	0	0	0.0001191	0.000186602	0.000274839	0	0	0	0.001761756	0	0.000439947	0.001413	0	0.000779238	0	0.000372686	0.000821589	0.000147379	0.001989626	0.000233687	0.000457934	0.000189445
Bacteria|Firmicutes|Clostridia|Clostridiales|Ruminococcaceae|Faecalibacterium|prausnitzii	0.020636894	0.083481387	0.071860294	0.010707449	0.009935287	0.0509414	0	0.117449453	0.058964114	0.05393779	0.010077413	0.080739489	0.105603854	0.009680319	0.07773704	0.040340174	0.030557467	0.008986928	0.080916071	0.071233721	0.053155725	0.115330843	0.018901682	0.027657547	0.163556159	0.001468831	0.040685886	0.077788585	0.054735127	0.010691811	0.082124396	0.000279174	0.078594182	0.054186987	0.109827913	0.000378108	0.057955036	0.053767905	0.088680016	0.316844654	0.067064751	0.141129586	0.030426155	0.075080985	0.007712604	0.00494647	0.123862487	0.050845327	0.007872426	0.135115121	0.008469982	0.051202788	0.006335666	0.048821336	0.109944365	0.022312229	0.013346143	0.053527362	0.147604871
Bacteria|Firmicutes|Clostridia|Clostridiales|Ruminococcaceae|Oscillospira|	0.004028802	0.011621345	0.004906662	0.043040158	0.015036163	0.008715887	0.004160339	0.00617271	0.003659584	0.005905412	0.015161926	0.011729157	0.006209778	0.003240712	0.005917297	0.012017009	0.01564579	0.005750377	0.003412605	0.007611756	0.003552173	0.000333869	0.009682376	0.006315503	0.006398759	0.016132245	0.00925681	0.008377912	0.001865672	0.015785154	0.011964315	0.018549538	0.004961095	0.019799091	0.013544461	0.002930334	0.019845645	0.005778147	0.020978068	0.022668625	0.014032469	0.02239934	0.010016063	0.009082377	0.010706312	0.037674482	0.02870464	0.021243165	0.023264029	0.012791167	0.013213173	0.029170414	0.007163858	0.015388991	0.010906009	0.014993249	0.023498559	0.019665708	0.009282815
Bacteria|Firmicutes|Clostridia|Clostridiales|Ruminococcaceae|Ruminococcus|Other	4.29E-05	0.000146312	0	0	0	0	0	0	0	0	0	0	0	0	0.000278461	0	0	0	0	0.000659979	0	0	0.001199773	0	0.000581705	0	0	0	0	0	0	0	0	0	0	0	0	0	0	0	0	0	0	0	0	0	0	0	0	0	0.00013552	0	0	0	0	0	0	2.54E-05	0
Bacteria|Firmicutes|Clostridia|Clostridiales|Ruminococcaceae|Ruminococcus|	0.023379907	0.091653951	0.010170172	0.026105981	0.008564903	0.072159932	0.017411021	0.00995192	0.009746443	0.064424986	0.023498695	0.042855286	0.016408867	0.002906187	0.035666218	0.025476058	0.089561826	0.001602564	0.000586542	0.125263992	0.011988582	0.000292135	0.12738639	0.026487001	0.110015027	0.041774547	0.056157983	0.003669481	0.015818793	0.150211521	0.095235118	0.003039891	0.125750692	0.030219666	0.004318524	0	0.088969848	0.003425368	0.04159288	0.004247886	0.019966412	0.012092895	0.016189486	0.035966214	0.000202963	0.019853639	0.00292102	0.017723587	0.006711748	0.010838831	0.114785201	0.040664344	0.012795561	0.015230993	0.020117166	0.118003742	0.085763249	0.05347648	0.012043302
Bacteria|Firmicutes|Clostridia|Clostridiales|Ruminococcaceae|Ruminococcus|bromii	0	0.000229919	0	0	0	0	0	0	0	0	0	0	0	0	0	0	0	0	0	0.000131996	0	0	0.000189438	0	0.000581705	0	0	0	0	0	0	0	0	0	0	0	0	0	0	0	0	0	0	0	0	0	0	0	0	0	0.000304919	0	0	0	0	0	0	0	0
Bacteria|Firmicutes|Clostridia|Clostridiales|Ruminococcaceae|Ruminococcus|flavefaciens	0	0	0	0.001914298	0	0	0	0	0	0	0	0	0	0	0	0	0	0	0	0	0	0	0	0	0	0	0	0	0	0	0	0	0	0	0	0	0	0.000103799	0	0	0	0	0	0	0	0	0	0	0	0	0	0	0	0	0	0	0	0	0
Bacteria|Firmicutes|Clostridia|Clostridiales|Veillonellaceae||	0	0	0	0	0	0	0	0	0	0	0	0	0	0	0	0	0	0	0	0	0	0	0	0	0	0	0	0	0	0	0	0	0	0	0	0	0	0	0	0	0	0	0	0	0	0	0	0	0	0	0	0	0	0	0	0	0	0	0
Bacteria|Firmicutes|Clostridia|Clostridiales|Veillonellaceae|Acidaminococcus|	0.005936053	0	0	0	0	0	0	0.000125974	0.008887561	0	0	0.006010787	0	0.002697108	0	0	0	0	0	0	0.000475737	0	0	0	0	0	0	0	0	0	0	0	0	0	0	0	0	0	0.001453026	0	0	0	0.001322876	0	0.029886341	0	0	0	0	0	0	0.001292716	0	0	0	0.003126554	0.000908784	0.011092172	0
Bacteria|Firmicutes|Clostridia|Clostridiales|Veillonellaceae|Anaerovibrio|	0	0	0	0	0	0	0	0	0	0	0	0	0	0	0	0.001072287	0	0	0	0	0	0	0	0	0	0	0	0	0	0	0	0	0	0	0	0	0	0	0	0	0	0	0	0	0	0	0	0	0	0	0	0	0	0	0	0	0	0	0
Bacteria|Firmicutes|Clostridia|Clostridiales|Veillonellaceae|Dialister|	0	0	0.009099628	0.015608894	0	0	0.002225782	0.002372504	0.001344337	0.000178181	0	0.012768861	0	0.005916912	0.004733838	0.004621926	0.00857995	0.002859477	0.001226405	0	0	0.010829873	0.003115199	0.004001633	0	0.000149373	0.00850745	0	0.017894682	0.006356155	0	0	0.008381639	0.003334584	0	0	0	0.000207598	0.018616901	0	0.018697518	0.000274839	0.003779647	0.001816475	0.000659631	0	0.00146051	0.00471372	0	0	0.001795636	0.017816996	0	0.000568792	0.002173833	0.003955565	0.024744891	0.018419111	0
Bacteria|Firmicutes|Clostridia|Clostridiales|Veillonellaceae|Megamonas|	0	0	0	0	0	0	0	0	0	0	0	0	0	0	0	0	0	0	0	0	0	0	0	0	0	0	0	0	0	0	0.002271969	0	0	0	0	0	0	0	0.000726513	0	0	0	0	0	0	0	0	0	0	0	0	0	0	0	0	0	0	0	0
Bacteria|Firmicutes|Clostridia|Clostridiales|Veillonellaceae|Megasphaera|	0	0	0	0.034646696	0	0	0	0	0.008066022	0.003843608	0	0	0.00112905	0	0	0.000554631	0	0	0	0	0	0.000125201	0.000420973	0	0	0	0	0	0.004335716	0	0	0	0	0	0.000196297	0	0	0	0.003768787	0	0.002612428	0	0.005511985	0	0.000456667	0	0	0	0	0	0	0.001320818	0	0.002717563	0.002910725	0.002013312	0	0	0
Bacteria|Firmicutes|Clostridia|Clostridiales|Veillonellaceae|Mitsuokella|Other	0	0	0	0	0	0	0	0	0	0	0	0	0	0	0	0.006470697	0	0	0	0	0	0	0	0	0	0	0	0	0	0	0	0	0	0	0	0	0	0	0	0	0	0	0.00245677	0	0	0	0	0	0	0	0	0	0	0	0	0	0	0	0
Bacteria|Firmicutes|Clostridia|Clostridiales|Veillonellaceae|Phascolarctobacterium|	0.004650266	0.003762306	0	0	0.0029311	0.003955997	0	0.008461232	0.005788118	0.005879957	0.000732903	0	0.004967822	0	0.000533717	0.015529673	0.002018812	0	0.014636877	0.004927842	0.004345068	0	0.000884043	0.00027222	0.005405012	0.004132643	0	0.008886334	0.000183939	0.003577968	0.00560697	0.022923258	0	0	0.041189557	0.02678262	0.006711088	0.01193689	0.003814194	0.016594545	0	0.001145161	0	0	0	0.022292994	0	0	0.048698022	0.008213276	0.004336631	0.002079586	0.002733032	0.00290716	0	0	0	0	0.007198917
Bacteria|Firmicutes|Clostridia|Clostridiales|Veillonellaceae|Veillonella|	0	0	0	0	0	0	0	0	0	0	0	0	0	0	0	0	0	0.009803922	0	0	0	0	0	0	0	0	0	0	0	0	0	0	0	0	0	0	0	0	0	0	0	0	0	0	0.003348894	0	0	0	0	0	0	0	0	0	0	0	0	0	0
Bacteria|Firmicutes|Clostridia|Clostridiales|Veillonellaceae|Veillonella|dispar	0.000150009	0	0.000133818	0	0	0.000148085	0.00012481	0.000230952	0	0	0	0.000129963	0	0.000125447	0.000394486	0	0	0	0.000399915	0	0	0.007637251	0	0	0	0	0	0	0.001760563	0	0	0.000248154	0	0	0.000392593	0.026373003	0	0.000415196	0.000408664	0	0.000261243	0.001740644	0	0	0	0	0.006347601	0.000125699	0.000151393	0	0	0.000702563	0	0	0	0	0.00049334	0	0.000162382
Bacteria|Firmicutes|Clostridia|Clostridiales|[Mogibacteriaceae]||	0	0.00110779	0.000468363	0.009276984	0.003920822	0.001142374	0	0.001952592	0.000373427	0.001501807	0.007145802	0.003021639	0	0	0.001624356	0.006988353	0.005551732	0	0.000133305	0.002595917	0.000951475	0	0.001452356	0.001415544	0.000872558	0.001817367	0.000528961	0.000309474	0.000341602	0.003914718	0.001688344	0.001675042	0.001749439	0.000666917	0	0	0.002348881	0	0.000681106	0	0.001940661	0	0.002110303	0.002088947	0.000152222	0	0	0.000251398	0	0	0.002981434	0.000814973	0.000786782	0.001263983	0	0.000994813	0.001505985	0.001780853	0
Bacteria|Firmicutes|Clostridia|Clostridiales|[Mogibacteriaceae]|Mogibacterium|	0	0	0	0	0	0	0	0	0	0	0.000183226	0	0	0	0	0	0	0	0	0	0	0	0	0	0	0	0	0	0	0	0	0	0	0	0	0	0	0	0	0	0	0.000183226	0	0	0	0	0	0	0	0	0	0	0	0	0	0.000331604	0	0	0
Bacteria|Firmicutes|Clostridia|Clostridiales|[Tissierellaceae]|1-68|	0	0	0	0	0	0	0	0	0	0	0	0	0	0	0	0	0	0	0	0	0	0	0	0	0	0	0	0	0	0.000273609	0	0	0	0	0	0	0	0	0	0	0	0	0	0	0	0	0	0	0	0	0	0	0	0	0	0	0	0	0
Bacteria|Firmicutes|Clostridia|Clostridiales|[Tissierellaceae]|Anaerococcus|	0	0	0	0	0	0	0	0	0	0	0	0	0	0	0.000232051	0	0	0	0	0	0	0	0	0	0	0	0	0	0	0	0	0	0	0	0	0	0	0	0	0	0	0	0	0	0	0	0	0	0	0	0	0	0	0	0	0	0	0	0
Bacteria|Firmicutes|Clostridia|Clostridiales|[Tissierellaceae]|Finegoldia|	0	0	0	0	0	0	0	0	0	0	0	0	0	0	0	0	0	0.000251383	0	0	0	0.000187801	0	0	0	0	0	0	0	0	0	0	0	0	0	0	0	0	0	0	0	0	0	0	0	0.00013552	0	0	0	0	0	0	0	0	0	0	0	0	0
Bacteria|Firmicutes|Clostridia|Clostridiales|[Tissierellaceae]|Parvimonas|	0	0	0	0	0.000266464	0.00012693	0	0	0	0	0	0	0	0	0	0	0	0	0	0	0	0	0	0	0	0	0	0	0	0	0	0	0	0	0	0	0	0	0	0	0	0	0	0	0	0	0	0	0	0	0	0	0	0	0	0	0	0	0
Bacteria|Firmicutes|Clostridia|Clostridiales|[Tissierellaceae]|Peptoniphilus|	0	0	0	0	0.000190331	0	0	0	0	0	0	0	0	0	0	0	0	0	0	0	0	0	0	0	0	0	0	0	0	0	0	0	0	0	0	0	0	0	0	0	0	0	0	0	0	0	0	0	0	0	0	0	0	0	0	0	0	0	0
Bacteria|Firmicutes|Clostridia|Clostridiales|[Tissierellaceae]|WAL_1855D|	0	0	0	0	0	0	0	0	0	0	0	0	0	0	0.000556922	0	0	0	0	0	0	0	0	0	0	0	0	0	0	0	0	0	0	0	0	0	0	0	0	0	0	0	0	0	0	0.00020328	0	0.000188549	0	0	0	0	0	0	0	0	0	0.000127204	0
Bacteria|Firmicutes|Clostridia|SHA-98|||	0	0	0	0	0	0	0	0	0	0	0	0	0	0	0	0	0	0	0	0	0	0	0	0	0	0	0	0	0	0	0	0	0	0	0	0	0.000335554	0	0.001044363	0	0	0	0	0	0	0	0	0	0	0	0.00020328	0	0	0	0	0	0.000233687	0	0
Bacteria|Firmicutes|Erysipelotrichi|Erysipelotrichales|Erysipelotrichaceae|Other|Other	0	0	0.000133818	0.000231399	0.000114199	0	0.000436836	0.000230952	0	0	0	0.000487361	0	0.000459972	0.000116025	0	0	0.000691302	0	0	0.000570885	0.000292135	0	0.00027222	0.000436279	0.000348536	0.00013224	0.000751581	0	0.000252562	0	0.000217135	0.000234999	0.000791964	0	0	0.000143809	0	0.000136221	0	0.000223922	0.000961935	0	0.000302746	0.000558149	0	0.001741377	0.000377098	0.000857893	0.001144473	0.000508199	0	0	0.000442394	0.000589514	0.000663209	0.000389479	0.001195716	0.0002977
Bacteria|Firmicutes|Erysipelotrichi|Erysipelotrichales|Erysipelotrichaceae||	0.0272587	0.011537738	0.010281687	0.001598755	0.000647126	0.003490586	0.053293949	0.002435491	0.000784197	0	0.000503871	0.001494574	0.01305935	0.008593113	0.007541653	0	0	0.004304927	0.0201557	0.001407955	0.027846495	0.00202408	0.003662464	0.026868109	0.019705269	0.002414858	0.001057921	0.007891596	0.005938617	0.012291373	0.01004669	0.004683913	0.01887827	0.006460756	0.001145063	0.000976778	0.006735056	0.002975573	0.000272442	0.000357299	0.0188468	0	0	0.00996034	0.000355186	0.001084158	0.001011122	0.005845013	0.005500606	0.015484045	0.013484212	0.004046763	0.002608804	0.017126967	0.001142183	0.00011843	0.004076546	0.000508815	0.001461434
Bacteria|Firmicutes|Erysipelotrichi|Erysipelotrichales|Erysipelotrichaceae|Bulleidia|	0	0	0	0	0	0	0	0	0	0	0	0	0	0	0	0	0.00022941	0	0	0	0	0	0	0	0	0	0	0	0	0	0	0	0	0	0	0	0	0	0	0	0	0	0	0	0	0	0	0	0	0	0	0	0	0	0	0	0	0	0
Bacteria|Firmicutes|Erysipelotrichi|Erysipelotrichales|Erysipelotrichaceae|Bulleidia|p-1630-c5	0	0	0	0	0	0	0	0	0	0	0	0	0	0	0	0.002070623	0	0	0	0	0	0	0	0	0	0	0	0	0.006385327	0	0	0	0	0	0	0	0	0	0	0	0	0	0	0	0	0	0	0	0	0	0	0	0	0	0	0	0	0	0
Bacteria|Firmicutes|Erysipelotrichi|Erysipelotrichales|Erysipelotrichaceae|Catenibacterium|	0	0	0	0.04543829	0.040692805	0.000253861	0	0	0	0.017741689	0.03737804	0	0	0	0	0.041782215	0.022573985	0	0	0	0.025467808	0	0	0	0	0	0	0	0.011824679	0	0	0	0	0	0	0	0	0	0.007492167	0	0	0	0.013701219	0.000272471	0	0	0.034659027	0	0	0	0	0	0	0	0	0	0	0	0
Bacteria|Firmicutes|Erysipelotrichi|Erysipelotrichales|Erysipelotrichaceae|Coprobacillus|	0	0.000146312	0	0	0	0	0.00110249	0.000251947	0.000672168	0	0	0.000194944	0.00022581	0.000146355	0.000185641	0	0.000825877	0.009269734	0.000213288	0.000131996	0.000158579	0	0.00031573	0	0.000242377	0.006472814	0.00030856	0.002055794	0.000210217	0.011365311	0	0.000837521	0	0	0	0	0	0	0	0.000158799	0	0	0	0	0	0.003455753	0.000280867	0	0.016602745	0.000807863	0.001524597	0.000814973	0	0.000379195	0.000810582	0.000805325	0	0.000864986	0
Bacteria|Firmicutes|Erysipelotrichi|Erysipelotrichales|Erysipelotrichaceae|RFN20|	0	0	0	0	0	0.000613497	0	0	0	0	0	0	0	0	0	0	0	0	0	0	0	0	0	0	0	0	0	0	0	0	0	0	0	0	0	0	0	0	0	0	0	0	0	0	0	0	0	0	0	0	0	0	0	0	0	0	0	0	0
Bacteria|Firmicutes|Erysipelotrichi|Erysipelotrichales|Erysipelotrichaceae|[Eubacterium]|Other	0	0	0	0	0	0	0	0	0	0	0	0	0	0	0	0	0	0	0	0	0	0	0	0	0	0	0	0	0	0	0	0	0	0	0	0	0	0	0	0	0	0	0	0	0	0	0	0	0	0	0	0	0	0	0	0	0	0	0.000162382
Bacteria|Firmicutes|Erysipelotrichi|Erysipelotrichales|Erysipelotrichaceae|[Eubacterium]|	0	0	0	0	0	0	0	0	0	0	0	0	0	0	0	0	0	0	0	0	0	0	0	0.000163332	0	0	0	0	0	0	0	0	0	0	0	0	0	0	0	0	0	0	0	0	0	0	0	0	0	0	0	0.000140513	0	0	0	0.000639522	0	0	0
Bacteria|Firmicutes|Erysipelotrichi|Erysipelotrichales|Erysipelotrichaceae|[Eubacterium]|biforme	0	0	0	0	0	0.021662788	0	0.006130719	0	0.0049636	0.017772892	0	0	0	0	0.045294879	0.018123423	0	0	0	0	0	0	0	0	0	0	0	0.027144209	0	0.044022011	0	0	0	0	0	0	0.007819528	0	0	0	0	0.003338688	0	0	0	0	0	0	0	0	0	0	0.015230993	0.000294757	0	0	0	0
Bacteria|Firmicutes|Erysipelotrichi|Erysipelotrichales|Erysipelotrichaceae|[Eubacterium]|cylindroides	0	0	0	0	0	0	0	0	0	0	0	0	0	0	0	0.000110926	0	0	0	0	0	0	0	0	0	0	0	0	0	0	0	0	0	0	0	0	0	0	0	0	0	0	0	0	0	0	0	0	0.003027856	0	0	0	0	0	0	0	0	0	0
Bacteria|Firmicutes|Erysipelotrichi|Erysipelotrichales|Erysipelotrichaceae|[Eubacterium]|dolichum	0	0.000689756	0	0.000147254	0.003121431	0	0.005096416	0	0.000448112	0	0.000320645	0	0.000338715	0.00200715	0	0	0	0.005656109	0.001572998	0.000131996	0.000222011	0.000166934	0	0	0.002423772	0.005003983	0.000705281	0.005283169	0.000604373	0.001094437	0	0.010298406	0.000626665	0.004668417	0	0	0	0	0	0.001905594	0.000223922	0.000137419	0	0.000121098	0	0.000948638	0.000730255	0.000502797	0	0.002558233	0.00013552	0.000421538	0.001656383	0	0.000221068	0.000213174	0.000259653	0.000254408	0
Bacteria|Firmicutes|Erysipelotrichi|Erysipelotrichales|Erysipelotrichaceae|cc_115|	0	0	0	0	0	0	0	0	0	0	0	0	0	0	0	0	0.000137646	0	0	0.00092397	0	0	0.000610411	0	0	0.000921131	0	0	0	0.009639467	0	0	0	0	0	0	0.000167777	0	0.000499478	0	0.000186602	0	0	0.000363295	0	0	0	0	0.001312071	0	0.000609839	0.000309128	0.000165638	0	0	0.000284232	0.000155792	0	0
Bacteria|Fusobacteria|Fusobacteriia|Fusobacteriales|Fusobacteriaceae|Fusobacterium|	0	0	0	0	0.000456795	0	0	0	0	0	0	0	0	0	0	0	0	0	0	0	0	0	0	0	0	0	0	0	0	0	0	0	0	0	0	0.088886788	0	0.000242198	0	0	0	0	0	0	0	0	0	0	0	0.000740541	0	0	0	0	0	0	0	0	0
Bacteria|Fusobacteria|Fusobacteriia|Fusobacteriales|Leptotrichiaceae|Other|Other	0	0	0	0	0	0	0	0	0	0	0	0	0	0	0	0	0	0	0	0	0	0	0	0	0	0	0	0	0	0	0	0	0	0	0	0	0	0	0	0	0	0	0	0	0	0	0	0	0	0	0	0	0	0.00218037	0.000147379	0	0	0	0
Bacteria|Fusobacteria|Fusobacteriia|Fusobacteriales|Leptotrichiaceae||	0	0	0	0	0	0	0	0	0	0	0	0	0	0	0	0	0	0	0	0	0	0	0	0	0	0	0	0	0	0	0	0	0	0	0	0	0	0	0	0	0	0	0	0	0	0	0	0	0	0	0	0	0	0.004329141	0.000221068	0	0	0	0
Bacteria|Lentisphaerae|[Lentisphaeria]|Victivallales|Victivallaceae||	0	0	0	0	0.000228397	0	0	0	0	0	0	0	0	0	0	0	0	0	0	0	0	0	0	0	0	0	0	0	0	0	0	0	0	0	0	0	0	0	0	0	0	0	0	0	0	0	0	0	0	0	0	0	0	0	0	0	0	0	0
Bacteria|Proteobacteria|Alphaproteobacteria|RF32|||	0	0	0	0	0	0.002665538	0	0	0	0	0.000274839	0	0	0	0	0	0	0	0	0	0	0	0	0	0	0	0	0	0	0	0	0	0	0	0	0	0.000599204	0	0	0	0	0	0	0.000151373	0	0	0	0	0.031489705	0	0.002032796	0	0	0	0	0	0	0	0
Bacteria|Proteobacteria|Alphaproteobacteria|Rhodobacterales|Rhodobacteraceae|Paracoccus|Other	0	0	0	0	0	0	0	0	0	0	0	0	0	0	0	0	0	0	0	0	0	0	0	0	0	0	0	0	0.000105108	0	0	0	0	0	0	0	0	0	0	0	0	0	0	0	0	0	0	0	0	0	0	0	0	0	0	0	0	0	0
Bacteria|Proteobacteria|Alphaproteobacteria|Rhodobacterales|Rhodobacteraceae|Rubellimicrobium|	0	0	0	0	0	0	0	0.000839824	0	0	0	0	0	0	0	0	0	0	0	0	0	0	0	0	0	0	0	0	0.000472987	0	0	0	0	0	0	0	0	0	0	0	0	0	0	0	0	0	0	0	0	0	0	0	0	0	0	0	0	0	0
Bacteria|Proteobacteria|Alphaproteobacteria|Sphingomonadales|Erythrobacteraceae||	0	0	0	0	0	0	0	0	0	0	0	0	0	0	0	0	0	0	0	0	0	0	0	0	0	0	0	0	0.000315325	0	0	0	0	0	0	0	0	0	0	0	0	0	0	0	0	0	0	0	0	0	0	0	0	0	0	0	0	0	0
Bacteria|Proteobacteria|Alphaproteobacteria|Sphingomonadales|Sphingomonadaceae|Sphingomonas|	0	0	0	0	0	0	0	0	0	0	0	0	0	0	0	0	0	0	0	0	0	0	0	0	0	0	0	0	0.000157662	0	0	0	0	0	0	0	0	0	0	0	0	0	0	0	0	0	0	0	0	0	0	0	0	0	0	0	0	0	0
Bacteria|Proteobacteria|Betaproteobacteria|Burkholderiales|Alcaligenaceae|Other|Other	0	0	0	0	0	0	0	0	0	0	0	0	0	0	0	0	0	0.000125691	0	0	0	0	0	0	0	0	0	0	0	0	0	0	0	0	0	0	0	0	0	0	0	0	0	0	0	0	0	0	0	0	0	0	0	0	0	0	0	0	0
Bacteria|Proteobacteria|Betaproteobacteria|Burkholderiales|Alcaligenaceae||	0	0	0	0.001577718	0	0	0	0	0	0	0	0	0	0	0	0	0	0.005310458	0	0	0	0	0	0	0	0	0	0	0	0.000315703	0	0	0	0	0.006412354	0.000189054	0	0	0	0	0	0	0	0	0	0	0	0	0	0	0	0	0	0	0	0	0	0	0
Bacteria|Proteobacteria|Betaproteobacteria|Burkholderiales|Alcaligenaceae|Sutterella|	0.00735042	0.004410259	0.006289448	0.002881966	0.001827179	0.002792469	0	0.004283105	0.005788118	0.004683602	0	0.015758009	0.004854917	0.008990361	0.010210238	0.00177482	0.002890571	0	0.005278874	0	0.007358072	0.005362769	0.002610032	0.006043283	0.010107131	0.002215694	0.003041523	0.013683187	0.004361993	0.002546671	0.00327247	0.035889323	0.008016084	0.010503939	0.004645685	0.009074582	0.005272997	0.022524393	0.009989556	0	0.006493749	0.006962576	0.001984314	0.017226242	0.039121169	0.053665808	0.062408718	0.065112187	0.022456601	0.026255554	0.002540995	0.002669739	0.002277527	0.017506162	0.003573929	0.014874819	0.008438709	0.00501183	0.029201624
Bacteria|Proteobacteria|Betaproteobacteria|Burkholderiales|Burkholderiaceae|Lautropia|	0	0	0	0	0	0	0	0	0	0	0	0	0	0	0	0	0	0	0	0	0	0	0	0	0	0	0	0	0	0	0	0	0	0	0	0	0	0	0	0	0	0	0	0	0	0	0	0	0.000151393	0	0	0	0	0	0	0	0	0	0
Bacteria|Proteobacteria|Betaproteobacteria|Burkholderiales|Oxalobacteraceae|Other|Other	0	0	0	0	0	0	0	0	0	0	0	0	0	0	0	0	0	0	0	0	0	0	0	0	0	0	0	0	0	0	0	0	0	0	0	0	0.000191745	0	0	0	0	0	0	0	0	0	0	0	0	0	0	0	0	0	0	2.37E-05	0	0	0
Bacteria|Proteobacteria|Betaproteobacteria|Burkholderiales|Oxalobacteraceae|Oxalobacter|Other	0	0	0	0	0	0	0	0	0	0	0	0	0	0	0	0	0	0	0	0	0	0	0	0	0	0	0	0	0	0.000168375	0	0	0	0	0	0	0	0	0.000181628	0	0	0	0.000283473	0	0	0	0	0	0	0	0.000271039	0	0	0	0	0.000544778	0	0	0
Bacteria|Proteobacteria|Betaproteobacteria|Neisseriales|Neisseriaceae||	0	0	0	0	0	0	0	0	0	0	0	0	0	0	0	0	0	0	0	0	0	0	0	0	0	0	0	0	0.000105108	0	0	0	0	0	0	0	0	0	0	0	0	0	0	0	0	0	0	0	0	0	0	0	0	0	0	0	0	0	0
Bacteria|Proteobacteria|Betaproteobacteria|Neisseriales|Neisseriaceae|Neisseria|subflava	0	0	0	0	0	0	0	0	0	0	0	0	0	0	0	0	0	0	0	0	0	0	0	0	0	0	0	0	0	0	0	0	0	0	0	0	0	0	0	0	0	0	0	0	0	0	0	0	0	0	0	0	0	0	0	0	0	0	0.000135318
Bacteria|Proteobacteria|Betaproteobacteria|Rhodocyclales|Rhodocyclaceae|Hydrogenophilus|	0	0	0	0	0	0	0	0.000230952	0	0	0	0	0	0	0	0	0	0	0	0	0	0	0	0	0	0	0	0	0.000131385	0	0	0	0	0	0	0	0	0	0	0	0	0	0	0	0	0	0	0	0	0	0	0	0	0	0	0	0	0	0
Bacteria|Proteobacteria|Deltaproteobacteria|Desulfovibrionales|Desulfovibrionaceae||	0	0	0	0	0	0	0	0	0	0	0	0	0	0	0	0	0	0	0	0	0	0	0	0	0	0	0	0	0	0	0	0.000124077	0	0	0	0	0	0	0	0	0	0.000274839	0	0	0	0	0	0	0	0	0	0	0	0	0	0	0	0	0
Bacteria|Proteobacteria|Deltaproteobacteria|Desulfovibrionales|Desulfovibrionaceae|Bilophila|	0	0.000271722	0.000111515	0.000462797	0	0.000423101	0	0	0.000522798	0	0.000595483	0.000649815	0.00045162	0.000167263	0.000603332	0	0.000734113	0	0.000693185	0	0.000126863	0	0.000568313	0.000353886	0.00053323	0	0.000528961	0.001392635	0	0.001473281	0.000125063	0.002791736	0	0.002792714	0.000196297	0	0.00026365	0.000345997	0.000862734	0.002064393	0.000821049	0.00178645	0.00085042	0.001634828	0	0	0.001966071	0.002451134	0.002977392	0	0.001558477	0.001011691	0.000372686	0.002812362	0.004273977	0.002131742	0	0.002645839	0.002733424
Bacteria|Proteobacteria|Deltaproteobacteria|Desulfovibrionales|Desulfovibrionaceae|Desulfovibrio|	0	0	0	0	0	0.000951978	0	0	0	0	0.001649031	0	0	0	0	0.000776484	0	0	0	0	0	0	0.001283967	0	0	0	0	0	0	0.000862922	0	0.000124077	0	0	0.001962965	0	0.002205072	0	0.000181628	0.000158799	0	0.005909028	0.00160635	0	0	0	0	0	0.002674606	0	0	0.003316097	0	0.001358782	0	0	0.000519305	0	0.000324763
Bacteria|Proteobacteria|Epsilonproteobacteria|Campylobacterales|Campylobacteraceae|Campylobacter|	0	0	0	0	0	0	0	0	0	0	0	0	0	0	0	0	0	0	0	0	0	0	0	0	0	0	0	0	0	0	0	0	0	0	0	0	0	0	0	0	0	0	0	0	0	0.00020328	0	0	0	0	0	0	0	0	0	0	0	0	0
Bacteria|Proteobacteria|Epsilonproteobacteria|Campylobacterales|Helicobacteraceae|Flexispira|	0	0	0	0	0	0	0	0	0	0	0	0	0	0	0	0.00177482	0	0	0	0	0	0	0	0	0	0	0	0	0	0	0	0	0	0	0	0	0	0	0	0	0	0	0	0	0	0	0	0	0	0	0	0	0	0	0	0	0	0	0
Bacteria|Proteobacteria|Gammaproteobacteria|Aeromonadales|Succinivibrionaceae|Succinivibrio|	0.002721584	0	0	0	0	0	0	0	0	0	0	0	0	0	0	0	0	0	0	0	0	0	0	0	0	0	0	0	0	0	0	0	0	0	0	0	0	0	0	0	0	0	0	0	0	0	0	0	0	0	0	0	0	0	0	0	0	0	0
Bacteria|Proteobacteria|Gammaproteobacteria|Enterobacteriales|Enterobacteriaceae|Other|Other	0	0	0	0	0	0	0	0	0	0	0	0	0	0	0	0	0	0	0.000106644	0	0	0	0	0	0	0	0	0	0	0	0	0	0	0	0	0	0	0	0	0	0	0.000137419	0	0	0	0	0	0	0	0	0	0	0	0	0.000110534	0	0	0	0
Bacteria|Proteobacteria|Gammaproteobacteria|Enterobacteriales|Enterobacteriaceae||	0.001200069	0	0.000111515	0	0.001903312	0	0.001601731	0.000209956	0	0	0	0	0	0	0.001183459	0	0	0.000565611	0.026767623	0	0.000348874	0.000688605	0.000231535	0	0.001211886	0.000298745	0	0	0.00063065	0.003262265	0	0	0.008329417	0.000291776	0	0.049185493	0	0.000761193	0.000227035	0.002223193	0.000186602	0.00742064	0.0021418	0.000877963	0.000304445	0.001897276	0.003875969	0.000502797	0.005349213	0.021879628	0.001558477	0.001601844	0.004058139	0	0	0.000829011	0	0.000254408	0.000162382
Bacteria|Proteobacteria|Gammaproteobacteria|Enterobacteriales|Enterobacteriaceae|Klebsiella|	0	0	0	0	0	0	0	0	0	0	0	0.000129963	0	0	0	0	0	0	0.000639863	0	0	0	0	0	0	0	0	0	0	0	0	0	0.000130555	0	0	0.000567161	0	0.000899592	0.007628389	0	0	0	0	0	0	0	0.00016852	0	0	0	0	0	0	0	0	0	0	0	0
Bacteria|Proteobacteria|Gammaproteobacteria|Enterobacteriales|Enterobacteriaceae|Proteus|	0	0	0	0	0	0	0	0	0	0	0	0	0	0	0	0	0	0	0	0	0	0	0	0	0	0	0	0	0	0	0	0	0	0	0	0.002079592	0	0	0	0	0	0	0	0	0	0	0	0	0	0	0	0	0	0	0	0	0	0	0
Bacteria|Proteobacteria|Gammaproteobacteria|Enterobacteriales|Enterobacteriaceae|Serratia|	0	0	0	0	0	0	0	0	0	0	0	0.000324907	0	0	0	0	0	0	0	0	0	0	0	0	0	0	0	0	0	0	0	0	0	0	0	0	0	0	0	0	0	0	0	0	0	0	0	0	0	0	0	0	0	0	0	0	0	0	0
Bacteria|Proteobacteria|Gammaproteobacteria|Pasteurellales|Pasteurellaceae|Other|Other	0	0	0	0	0	0	0	0	0	0	0	0	0	0	0	0	0	0	0	0	0	0	0	0	0	0	0	0	0	0	0	0	0.000156666	0	0	0	0	0	0	0	0	0	0	0	0	0	0	0	0	0	0	0	0	0	0	0	0	0	0
Bacteria|Proteobacteria|Gammaproteobacteria|Pasteurellales|Pasteurellaceae|Haemophilus|parainfluenzae	0.000171438	0	0.002654058	0.000210362	0	0	0	0	0	0	0	0.003151602	0	0.00048088	0.00259897	0.000147902	0	0	0.000666524	0	0.000158579	0.002086681	0	0.001851096	0	0.000423222	0	0	0.002943031	0	0	0.000992617	0.00026111	0.000291776	0.001406792	0.000504143	0	0.008926718	0.000136221	0	0.000223922	0.002977417	0	0	0	0	0.004269183	0.000565646	0.00105975	0.000201966	0	0	0	0	0	0	0	0	0.004654939
Bacteria|Proteobacteria|Gammaproteobacteria|Pseudomonadales|Moraxellaceae|Enhydrobacter|	0	0	0	0	0	0	0	0	0	0	0	0	0	0	0	0	0	0	0	0	0	0	0	0	0	0	0	0	0.000131385	0	0	0	0	0	0	0	0	0	0	0	0	0	0	0	0	0	0	0	0	0	0	0	0	0	0	0	0	0	0
Bacteria|Proteobacteria|Gammaproteobacteria|Pseudomonadales|Pseudomonadaceae|Pseudomonas|	0	0	0	0	0	0	0	0	0	0	0	0	0	0	0	0	0	0	0	0	0.000158579	0	0	0	0	0	0	0	0	0	0	0	0	0	0	0	0	0	0	0	0	0	0	0	0	0	0	0	0	0	0	0	0	0	0	0	0	0	0
Bacteria|Proteobacteria|Gammaproteobacteria|Xanthomonadales|Xanthomonadaceae|Stenotrophomonas|	0	0	0	0	0	0	0	0	0	0	0	0	0	0	0	0	0	0	0	0	0	0	0	0	0	0	0	0	0.000131385	0	0	0	0	0	0	0	0	0	0	0	0	0	0	0	0	0	0	0	0	0	0	0	0	0	0	0	0	0	0
Bacteria|Proteobacteria|Gammaproteobacteria|Xanthomonadales|Xanthomonadaceae|Stenotrophomonas|acidaminiphila	0	0	0	0	0	0	0	0	0	0	0	0	0	0	0	0	0	0	0	0	0	0	0	0	0	0	0	0	0.000105108	0	0	0	0	0	0	0	0	0	0	0	0	0	0	0	0	0	0	0	0	0	0	0	0	0	0	0	0	0	0
Bacteria|Spirochaetes|[Brachyspirae]|[Brachyspirales]|Brachyspiraceae|Brachyspira|	0	0	0	0	0	0	0	0	0	0	0	0	0	0	0	0	0	0	0	0	0	0	0	0	0	0	0	0	0	0	0	0	0	0	0	0	0	0	0	0	0	0	0	0	0	0	0	0	0	0	0	0	0	0	0	0	0	0	0.00037889
Bacteria|Synergistetes|Synergistia|Synergistales|Dethiosulfovibrionaceae|Pyramidobacter|piscolens	0	0	0	0	0	0	0	0	0	0	0	0	0	0	0	0	0	0	0	0	0	0	0	0	0	0	0	0	0	0	0	0	0	0	0	0	0	0	0	0	0.000111961	0	0	0	0	0	0	0	0	0	0	0	0	0	0	0	0	0	0
Bacteria|Synergistetes|Synergistia|Synergistales|Synergistaceae|Other|Other	0	0	0	0	0	0	0	0	0	0	0	0	0	0	0	0	0	0	0	0	0	0	0	0	0	0	0	0	0	0	0	0	0	0	0	0	0.000119841	0	0	0	0	0	0	0	0	0	0	0	0	0	0	0	0	0	0	0	0	0	0
Bacteria|TM7|TM7-3||||	0	0.000104508	0	0	0	0	0	0	0	0	0	0	0	0	0	0	0	0	0	0	0	0	0	0	0	0	0	0	0	0	0	0	0	0	0	0	0	0	0	0	0	0	0	0	0	0	0	0	0	0	0	0	0	0	0	0	0	0	0
Bacteria|Tenericutes|Mollicutes|Anaeroplasmatales|Anaeroplasmataceae||	0	0	0	0	0	0	0	0	0	0	0	0	0	0	0	0	0	0	0	0	0	0	0	0	0	0	0	0	0	0	0	0	0	0	0	0	0	0	0.00031785	0	0	0	0	0	0	0	0	0	0	0	0	0	0	0	0	0	0	0	0
Bacteria|Tenericutes|Mollicutes|RF39|||	0	0	0	0	0.001865246	0.001142374	0	0	0	0	0	0	0	0	0	0	0	0	0	0.000263992	0	0	0	0	0	0	0	0	0.000183939	0	0.00150075	0	0	0	0	0	0	0	0.00031785	0	0	0	0.001858326	0.000121098	0	0	0	0	0	0	0	0	0	0	0	0	0	0	0
Bacteria|Tenericutes|RF3|ML615J-28|||	0	0	0	0	0	0.000486567	0	0	0	0	0.001190967	0	0	0	0	0	0	0	0	0	0	0	0	0	0	0	0	0	0	0.000378844	0	0	0	0	0	0	0	0	0.002815239	0	0	0	0	0	0	0	0	0	0	0	0.000609839	0.001320818	0	0	0	0	0	0	0
Bacteria|Verrucomicrobia|Opitutae|[Cerasicoccales]|[Cerasicoccaceae]||	0	0	0	0	0.000418729	0.000888513	0	0	0	0	0	0	0	0	0	0	0	0	0	0	0	0	0	0	0	0	0	0	0	0.000652453	0	0	0	0	0	0	0	0	0	0	0	0	0	0	0	0	0	0	0	0	0	0	0	0	0	0	0	0	0
Bacteria|Verrucomicrobia|Verrucomicrobiae|Verrucomicrobiales|Verrucomicrobiaceae|Akkermansia|muciniphila	0	0.00209017	0	0	0.000114199	0.001903956	0	0	0	0	0.002015483	0.000519852	0	0	0	0	0	0	0	0.000219993	0.00174437	0	0.008861479	0	0	0.002365067	0	0	0	0.001999453	0.000541938	0	0.00026111	0.010587304	0	0	0.014045348	0	0.006311583	0	0	0	0	0.000877963	0.012634463	0	0	0	0	0	0.002337715	0.015653103	0	0.006825507	0.000221068	0.002960752	0.076545582	0	0
